1.567	0.867	1.3	1.041	0.559	0
0.307	1.272	2.656	-0.946	-0.467	0
0.96	0.712	-0.143	0.091	-0.061	0
1.404	1.531	0.476	1.601	-0.424	0
0.151	0.642	1.454	1.281	-0.716	1
0.06	0.225	0.119	0.264	0.912	0
0.96	1.09	0.513	1.114	0.729	1
0.48	1.502	2.495	-0.692	0.402	1
1.089	1.423	-0.387	-0.123	0.09	0
0.27	0.959	1.687	1.705	0.0	0
0.912	2.285	-0.449	-0.159	-0.099	0
1.712	1.764	0.375	0.511	0.589	0
1.055	1.185	0.293	0.182	-0.141	0
3.084	0.782	-0.166	-0.088	-0.061	0
-0.073	-0.25	-0.445	1.539	-1.184	1
0.556	3.451	-0.597	-0.245	-0.153	0
0.443	0.705	0.759	1.27	0.92	1
1.901	0.502	0.188	0.151	-0.152	0
0.42	2.394	1.358	0.675	0.0	0
0.328	1.09	2.044	1.063	1.043	1
0.137	0.519	0.76	1.611	0.0	1
1.371	1.441	-0.287	0.167	-0.171	0
1.956	1.328	0.82	0.451	-0.256	0
0.269	1.13	2.209	-0.786	-0.323	0
0.302	0.581	2.031	1.122	1.408	1
1.118	2.528	-0.347	-0.151	0.189	0
0.079	0.274	0.403	1.157	1.638	0
1.235	1.996	-0.359	0.21	0.141	0
0.209	0.463	0.654	1.13	0.0	1
3.052	-0.233	0.162	-0.078	-0.071	0
0.338	0.477	1.821	1.191	0.997	0
0.453	0.577	1.37	1.883	-0.557	0
1.142	1.867	-0.351	-0.161	-0.11	0
0.181	0.479	1.833	-0.925	-0.387	1
0.144	0.858	2.303	-0.718	-0.535	0
0.614	2.482	1.234	0.553	-0.184	0
1.314	2.129	-0.441	0.434	1.019	0
0.486	1.117	0.534	-0.587	1.164	1
0.249	1.039	3.199	-0.81	-0.372	0
2.822	0.316	-0.097	0.091	-0.062	0
0.312	0.538	1.261	0.777	0.0	1
2.153	1.127	0.359	-0.105	-0.062	0
0.212	1.237	0.848	1.092	-0.437	0
0.648	0.484	0.776	1.913	-0.599	0
0.303	2.016	-0.448	0.305	-0.123	0
1.021	2.274	-0.52	-0.19	-0.12	0
-0.993	-0.805	-0.294	-0.151	-0.112	0
0.19	0.987	2.322	-0.656	-0.279	0
0.607	2.773	-0.348	-0.168	0.145	0
0.692	1.18	1.666	0.683	-0.224	0
0.797	2.197	-0.479	-0.19	0.0	0
0.833	2.441	1.525	0.436	-0.162	1
0.152	0.631	1.342	2.041	0.0	0
2.534	0.387	0.641	1.019	-0.339	0
1.488	1.97	0.515	1.191	-0.329	0
0.454	0.779	1.472	1.167	-0.397	1
0.432	0.615	1.981	-0.682	0.457	1
0.164	0.556	-0.683	2.022	0.0	0
0.58	3.373	-0.566	-0.245	-0.146	0
0.231	2.426	0.676	1.775	-0.545	0
0.745	2.821	-0.503	-0.249	0.884	0
1.029	1.893	0.658	-0.432	1.155	0
1.408	1.792	-0.344	-0.124	-0.081	0
0.2	0.764	0.892	1.241	-0.772	1
2.885	-0.282	1.362	0.503	-0.216	0
0.991	2.986	0.833	0.648	0.314	0
0.324	1.166	2.049	0.952	-0.677	1
0.131	0.316	0.492	-0.883	0.0	0
0.181	1.132	2.038	-0.56	0.0	0
0.451	1.433	-0.363	-0.198	-0.189	0
1.032	2.486	-0.491	0.28	0.607	0
0.799	2.609	-0.435	-0.262	-0.246	0
0.132	0.456	0.442	-0.498	1.078	1
0.308	1.204	1.5	0.569	-0.32	0
3.665	0.822	-0.158	-0.087	-0.055	0
2.286	1.321	0.696	-0.171	0.204	0
3.259	0.65	0.176	0.112	-0.066	0
0.192	1.594	2.314	-0.694	0.0	0
0.88	2.143	0.546	0.306	-0.234	0
2.916	0.539	-0.126	0.125	-0.06	0
1.214	1.716	-0.243	-0.108	0.1	0
0.636	0.8	1.945	0.737	0.362	0
0.338	1.087	2.791	-0.824	-0.381	0
0.216	0.796	0.792	1.752	0.0	1
0.159	1.028	1.872	-0.768	-0.553	0
-0.112	1.025	-0.216	0.613	-0.195	0
1.204	0.779	0.25	-0.105	0.122	0
0.951	2.417	-0.392	0.438	0.924	0
0.54	0.904	2.359	-0.803	-0.314	0
1.903	1.271	-0.244	0.122	0.098	0
0.231	0.52	0.871	1.957	0.0	1
3.237	0.521	1.084	-0.263	-0.096	0
0.657	2.528	1.186	0.882	-0.241	1
1.31	2.463	-0.334	-0.148	-0.103	0
0.157	0.432	0.837	1.902	-0.875	0
0.296	0.584	0.554	1.044	1.251	1
0.847	1.717	0.516	0.312	-0.322	0
0.543	1.229	1.472	1.902	-0.541	1
0.104	0.463	1.052	2.313	0.0	0
0.228	0.471	1.647	1.183	0.704	0
0.541	2.888	-0.673	-0.254	-0.152	0
1.219	2.015	-0.417	-0.187	0.156	0
0.672	0.602	0.686	2.131	-0.569	1
0.25	0.735	0.944	2.285	0.0	1
0.199	0.584	1.436	0.621	1.315	1
-0.063	0.752	1.637	1.324	0.991	1
0.266	0.825	2.484	-0.527	-0.319	0
0.482	1.236	2.547	-0.705	-0.287	0
0.211	0.785	0.6	2.162	-0.935	1
0.147	0.851	1.499	2.585	-0.996	0
0.103	0.597	0.979	2.278	-0.879	1
0.674	2.695	0.917	0.309	0.184	0
0.141	1.079	1.308	-0.341	-0.166	0
1.004	2.192	1.276	0.833	-0.228	0
0.671	1.538	-0.334	0.191	-0.129	0
1.383	0.79	2.558	-0.547	-0.257	1
0.396	1.382	1.724	1.114	-0.452	1
3.287	0.685	0.277	0.871	-0.201	0
0.826	1.279	1.977	-0.533	0.347	1
0.258	0.861	0.683	1.026	0.0	1
0.128	0.598	1.368	0.634	0.0	0
2.309	1.809	-0.363	0.917	-0.26	0
0.353	0.583	1.946	0.937	0.682	1
0.954	2.609	-0.41	1.195	-0.377	0
0.257	1.734	0.932	0.734	-0.291	0
0.403	1.803	1.168	0.516	-0.229	0
0.436	0.734	0.685	1.698	-1.012	1
0.108	0.412	0.517	1.09	0.0	1
0.456	1.513	2.206	-0.545	0.0	0
0.399	0.66	2.966	-0.691	0.462	1
0.287	0.883	0.887	0.842	0.0	1
3.104	-0.277	0.154	0.122	-0.103	0
0.412	3.66	-0.606	-0.343	-0.159	0
0.136	0.717	1.145	1.897	0.0	1
2.942	0.581	-0.131	0.089	0.06	0
2.302	0.351	-0.09	-0.052	0.045	0
0.109	0.445	0.879	0.87	0.0	1
3.133	0.656	0.181	0.117	-0.067	0
2.045	0.531	2.079	-0.445	-0.161	0
0.428	0.796	1.302	1.773	-0.608	0
0.227	0.686	1.339	1.873	-0.671	0
1.952	0.499	0.188	0.151	-0.149	0
0.098	0.693	0.294	0.912	1.322	1
0.635	3.459	-0.525	-0.291	0.332	0
0.369	1.723	1.396	-0.502	-0.282	0
0.523	2.466	-0.731	0.345	0.0	0
1.654	1.517	0.68	0.716	0.826	0
-0.144	1.214	1.673	-0.53	-0.214	0
0.329	0.432	1.607	1.44	-0.784	0
0.093	0.435	0.763	0.792	0.0	1
0.665	2.972	-0.438	0.256	-0.126	0
0.635	3.127	-0.56	-0.274	-0.393	0
0.189	0.543	0.212	1.125	1.457	1
0.269	1.522	1.144	-0.469	0.338	0
0.338	0.437	1.708	1.274	0.984	0
0.208	0.617	0.643	1.657	0.0	1
0.863	2.356	1.69	0.594	-0.184	1
0.221	1.392	1.834	-0.615	-0.266	0
2.981	0.531	-0.134	-0.093	-0.058	0
0.495	2.202	-0.38	-0.156	-0.088	0
0.425	3.034	-0.423	-0.182	0.178	0
0.294	0.453	1.748	0.946	1.138	0
0.385	1.242	0.828	-0.34	0.466	0
0.695	1.215	1.535	-0.318	-0.267	1
2.544	0.78	0.363	0.243	0.533	0
0.106	0.468	0.906	0.825	-0.558	1
0.582	0.496	0.81	1.548	-0.667	1
2.638	0.482	0.179	0.133	-0.052	0
0.594	3.102	-0.502	-0.196	-0.137	0
1.067	2.209	-0.336	-0.142	0.106	0
0.493	2.223	1.209	1.384	-0.442	1
0.519	2.023	1.445	0.649	0.0	0
0.298	1.13	0.75	1.29	-0.74	1
1.677	1.266	0.522	0.394	-0.206	0
0.136	0.457	0.56	0.674	0.0	0
0.734	2.821	1.114	0.415	-0.179	0
0.529	2.477	0.875	-0.484	1.482	0
0.33	1.209	2.637	-0.73	0.0	0
0.408	0.563	1.687	1.186	-0.912	1
0.129	0.969	0.707	1.683	-1.009	1
0.36	0.689	2.035	1.434	1.627	1
2.935	1.03	0.732	-0.147	-0.075	0
1.157	2.585	-0.426	0.701	0.552	0
0.83	1.972	-0.46	-0.185	0.0	0
0.221	0.939	0.865	1.636	0.0	1
0.197	1.125	0.623	1.191	0.831	1
1.598	1.054	1.336	0.808	0.732	1
0.382	2.454	0.913	-0.57	0.0	0
0.179	0.61	0.715	1.854	-0.77	0
1.674	1.764	1.365	-0.238	-0.118	0
0.657	0.49	0.812	2.008	-0.561	0
2.095	0.66	-0.09	0.068	-0.04	0
-0.069	0.51	0.812	1.442	-0.572	1
1.122	2.532	-0.358	-0.158	0.272	0
2.859	-0.254	-0.116	0.081	0.068	0
0.27	1.23	2.807	-0.812	-0.394	0
0.367	1.526	1.57	1.01	1.05	0
0.114	0.554	1.26	0.965	0.0	0
0.125	0.446	0.441	1.127	0.0	0
0.191	0.519	0.724	2.156	-0.758	0
2.239	0.89	0.354	0.245	0.556	0
0.89	1.42	-0.319	-0.097	0.09	0
2.996	0.619	0.134	-0.067	-0.032	0
0.618	1.385	1.77	1.338	-0.361	1
1.009	2.476	-0.405	0.426	1.02	0
0.71	2.25	0.718	0.272	-0.117	0
0.592	2.457	-0.353	-0.173	0.158	0
1.042	1.18	-0.264	-0.114	0.091	0
0.181	0.455	0.553	0.831	-0.398	1
0.445	0.875	1.472	1.0	1.207	1
0.149	0.64	0.936	2.099	-0.722	1
0.412	2.62	0.73	0.556	0.0	0
3.17	0.529	-0.143	0.172	-0.064	0
3.042	0.472	-0.121	0.093	0.073	0
0.942	0.966	-0.214	0.107	0.116	0
0.344	1.121	2.403	1.178	-0.41	0
1.038	1.656	0.949	0.371	0.632	0
0.431	0.681	2.374	-0.694	0.691	1
0.103	0.433	0.544	2.012	0.0	0
1.906	-0.347	0.154	-0.09	0.071	0
0.479	2.02	-0.35	0.22	-0.1	0
0.607	0.586	1.667	1.078	-0.395	1
0.768	1.512	0.929	0.469	0.63	1
0.127	0.605	0.837	0.873	-0.751	1
2.032	0.524	0.118	0.152	-0.191	0
0.841	2.174	-0.488	0.206	0.0	0
3.459	0.478	-0.135	0.108	0.074	0
0.509	1.904	1.168	-0.309	-0.273	1
0.517	1.513	1.587	1.471	-0.451	1
3.388	-0.334	0.176	0.112	-0.06	0
0.364	2.186	-0.535	0.215	0.149	0
0.297	0.556	0.522	1.111	-1.014	1
3.129	0.311	1.415	-0.347	-0.13	0
2.88	0.332	0.196	0.084	0.108	0
0.255	1.037	0.547	0.772	0.0	1
0.062	0.23	0.244	0.579	0.0	0
2.457	0.732	0.172	0.092	-0.046	0
0.798	1.703	-0.323	0.333	-0.376	0
0.183	1.354	2.581	-0.754	-0.324	0
-0.363	1.817	1.007	-0.358	-0.279	0
0.158	0.825	1.925	-0.892	-0.4	0
0.691	1.179	1.665	0.682	-0.224	0
0.435	2.563	1.044	0.741	0.0	0
2.761	0.661	-0.15	0.084	-0.036	0
0.267	1.687	2.051	-0.63	0.0	0
0.865	1.165	1.29	-0.395	-0.22	0
0.165	0.588	0.705	1.854	0.0	1
1.074	2.424	-0.399	-0.197	-0.142	0
0.167	0.752	1.922	0.984	0.0	0
0.532	0.434	1.216	1.443	1.977	1
1.642	1.196	0.419	-0.148	-0.416	0
0.126	0.814	1.292	1.692	0.0	0
0.229	1.09	-0.266	0.525	0.0	0
0.173	0.349	0.624	1.579	-1.115	1
0.462	2.713	0.884	0.481	0.242	0
1.152	2.062	0.808	1.29	-0.369	0
1.845	2.214	-0.376	-0.149	-0.119	0
2.935	-0.233	-0.109	0.077	0.063	0
0.111	0.44	-0.51	2.262	-0.752	0
0.43	3.32	-0.579	-0.24	-0.151	0
0.183	1.414	2.471	-0.728	0.0	0
0.213	0.605	1.485	0.623	0.0	1
0.295	0.837	1.527	2.826	-0.816	1
0.391	1.762	1.66	-0.448	0.0	0
0.136	0.627	1.501	1.188	0.0	0
0.259	0.583	0.601	-0.363	1.546	0
0.108	0.298	0.471	1.854	1.152	0
0.216	0.336	0.652	1.634	1.03	1
0.287	0.938	1.769	-0.593	-0.357	1
0.26	2.668	0.663	0.708	0.0	0
0.446	0.611	2.199	0.807	1.199	1
0.16	0.599	1.513	0.893	-0.462	1
0.603	2.469	0.961	1.279	-0.361	1
1.329	1.413	0.913	0.69	1.283	1
2.763	0.624	0.157	0.106	-0.06	0
0.176	0.977	2.473	-0.7	0.0	0
0.697	1.505	1.004	-0.429	1.618	0
1.236	1.94	-0.356	-0.177	-0.107	0
2.522	0.476	0.192	0.146	-0.051	0
-0.165	0.458	0.662	1.811	-1.284	1
0.331	0.59	2.549	0.834	0.376	0
2.99	0.309	-0.153	-0.171	-0.13	0
0.435	2.408	1.477	0.701	0.0	0
0.466	1.018	1.778	-0.431	-0.202	0
0.303	1.333	1.895	-0.562	0.0	1
0.127	0.732	0.356	1.236	0.0	1
0.579	3.262	-0.709	-0.285	-0.211	0
2.014	0.545	-0.107	-0.06	-0.038	0
0.142	1.011	0.624	1.292	0.0	1
0.624	2.58	-0.602	-0.237	-0.133	0
0.773	2.314	1.457	0.646	0.835	1
0.822	1.043	1.901	1.127	1.375	1
1.129	1.229	-0.224	-0.089	-0.056	0
0.166	0.873	2.163	-0.837	-0.398	0
0.154	0.343	0.452	-0.59	1.742	0
0.133	0.506	1.022	0.84	-0.477	1
3.576	-0.319	-0.124	0.095	-0.065	0
0.162	0.753	0.951	1.923	0.0	1
1.7	0.823	-0.409	1.83	-0.441	0
3.21	1.435	-0.182	-0.086	-0.06	0
2.437	1.412	0.43	0.15	0.309	0
0.331	1.72	0.6	0.3	-0.119	0
0.73	1.373	-0.254	-0.109	-0.058	0
1.926	0.811	0.193	0.162	0.171	0
0.439	2.04	0.663	0.454	0.0	0
1.834	2.557	-0.313	-0.143	-0.099	0
1.4	1.606	0.361	0.258	0.144	0
0.159	1.123	1.377	-0.459	-0.178	0
0.376	1.968	0.657	-0.275	-0.195	0
1.167	2.286	0.792	0.269	-0.134	1
2.505	0.469	0.249	0.092	0.089	0
0.907	1.676	0.617	0.197	-0.13	0
0.598	2.389	0.797	0.305	0.19	0
0.218	1.072	1.943	-0.603	-0.226	0
1.864	2.255	-0.325	0.235	0.309	0
0.56	-1.17	1.664	-0.599	-0.315	0
2.942	0.53	-0.105	0.081	-0.041	0
2.493	0.265	-0.095	0.081	-0.047	0
3.164	-0.263	-0.098	0.069	-0.057	0
0.657	2.138	0.619	0.292	-0.149	0
2.734	0.495	-0.106	0.07	0.051	0
0.255	0.659	1.591	1.318	0.7	0
3.169	0.412	-0.148	-0.073	-0.045	0
0.352	1.147	1.63	0.647	-0.518	0
0.538	1.103	1.581	-0.509	-0.267	1
0.434	0.381	0.882	0.984	1.251	0
0.553	2.15	0.948	0.39	0.192	0
0.267	1.948	1.019	0.563	0.0	0
0.586	2.32	2.095	-0.587	-0.313	0
3.264	-0.306	-0.135	0.101	0.056	0
0.204	1.385	1.795	-0.612	-0.283	0
0.782	1.778	-0.43	-0.158	0.108	0
1.744	2.206	-0.476	0.225	-0.153	0
0.105	0.526	1.282	2.081	-0.709	0
0.115	0.444	-0.433	2.178	0.0	0
1.056	2.294	1.553	-0.396	-0.163	1
0.324	0.411	1.494	1.456	-0.777	0
0.323	1.76	1.394	-0.406	-0.241	0
0.314	3.283	-0.709	0.342	-0.178	0
0.597	3.028	-0.424	0.302	0.937	0
-0.523	-0.751	-0.851	-0.583	1.304	1
1.158	0.988	-0.194	0.094	0.061	0
0.811	2.098	0.834	1.39	-0.433	0
1.583	2.372	-0.478	-0.209	-0.109	0
0.476	1.125	0.832	1.147	-0.518	1
0.513	1.105	1.385	-0.358	0.257	0
0.974	1.071	-0.194	-0.079	-0.058	0
0.487	1.881	1.522	1.629	-0.476	1
0.544	1.687	0.933	-0.294	0.355	0
0.627	0.871	1.992	-0.54	-0.384	1
2.328	0.651	-0.112	0.131	-0.051	0
-0.129	1.094	2.569	-0.844	-0.416	0
0.27	1.184	2.32	-0.609	0.0	0
0.252	2.769	-0.651	0.331	0.214	0
0.119	0.804	0.373	1.278	0.0	1
0.608	2.829	-0.437	0.247	-0.213	0
0.474	1.041	1.766	1.376	-0.47	0
1.231	1.8	0.877	1.553	-0.374	1
0.215	2.081	-0.428	0.287	-0.181	0
0.154	0.339	0.454	-0.625	1.84	0
0.463	2.963	-0.63	0.324	0.991	0
2.558	0.56	0.572	0.476	0.341	0
0.256	2.111	1.173	-0.532	-0.244	0
0.212	1.047	1.964	-0.541	0.0	0
0.233	1.546	1.399	0.716	-0.422	0
0.29	0.831	1.73	0.87	0.0	0
0.504	2.248	1.15	0.412	-0.189	0
0.096	0.337	0.513	1.485	0.0	0
0.427	0.565	1.723	1.149	1.763	1
0.54	3.144	-0.665	-0.261	0.0	0
0.597	2.565	-0.506	-0.261	-0.162	0
0.474	0.731	0.957	1.803	-0.634	1
0.334	0.58	0.978	2.097	1.297	1
0.302	0.581	2.032	1.122	1.408	1
0.341	1.223	1.633	1.285	0.0	1
-0.118	0.62	1.462	0.949	0.0	1
3.639	0.608	-0.138	-0.095	-0.056	0
0.453	1.44	2.064	-0.478	0.375	0
1.712	2.499	-0.446	-0.162	-0.1	0
0.103	0.435	0.622	1.844	-0.797	1
0.36	0.588	0.784	1.501	1.115	1
0.736	2.493	-0.363	0.211	0.145	0
0.246	1.187	2.52	-0.672	1.263	0
0.182	0.814	1.867	1.07	0.0	0
2.963	0.322	0.206	0.088	0.11	0
0.098	0.451	0.767	2.514	0.0	1
0.121	0.544	0.494	0.468	1.522	1
0.247	0.563	0.768	1.569	-0.961	1
0.25	0.757	1.124	1.021	-0.579	1
2.836	0.582	-0.132	0.178	0.106	0
1.946	1.19	0.265	0.111	-0.065	0
1.309	1.141	1.623	-0.508	-0.211	0
1.0	1.795	0.35	0.242	-0.164	0
0.17	0.986	2.489	-0.633	0.0	0
0.904	1.135	1.596	-0.505	0.859	1
0.301	1.704	1.237	1.884	-0.639	0
0.334	0.442	0.958	2.175	-0.879	0
0.218	0.816	1.317	2.113	-0.655	0
0.636	3.198	-0.554	0.31	0.274	0
1.029	1.651	1.821	0.625	-0.207	1
0.397	2.703	-0.6	0.372	0.0	0
1.487	1.568	1.605	-0.261	-0.131	0
1.483	1.798	0.666	0.921	0.707	0
0.876	3.241	-0.58	0.551	0.327	0
-0.191	-0.863	-0.927	-0.577	-0.297	0
0.325	0.815	1.529	1.28	1.95	1
1.722	0.517	2.304	-0.48	-0.191	0
-0.165	1.809	1.261	0.59	0.366	0
0.651	2.023	1.176	-0.344	-0.18	0
2.03	0.636	-0.098	0.078	0.056	0
1.527	1.36	-0.303	-0.137	-0.092	0
2.237	1.288	0.45	0.442	-0.23	0
0.214	1.433	1.771	-0.542	0.0	0
1.487	1.569	1.606	-0.262	-0.131	0
0.267	1.331	2.875	-0.911	0.0	0
0.121	0.268	0.467	-0.611	-1.052	0
1.493	1.664	0.583	-0.175	-0.104	0
0.298	1.866	0.955	2.193	-0.589	0
0.352	1.531	1.81	0.97	1.126	0
0.597	1.624	1.5	-0.473	-0.197	0
0.108	0.355	0.418	0.592	2.053	0
0.816	3.026	-0.454	-0.198	-0.133	0
1.264	2.951	-0.463	-0.179	-0.133	0
0.374	3.148	1.502	0.533	-0.174	1
0.749	2.044	0.938	1.239	-0.376	0
0.716	3.174	-0.412	-0.232	0.504	0
0.522	0.539	1.575	1.194	1.138	1
0.497	0.378	1.876	2.463	-0.698	1
0.111	0.452	0.574	1.57	0.892	1
1.4	1.01	0.296	0.159	-0.166	0
1.293	1.097	-0.78	-0.596	-0.315	0
0.532	2.657	-0.51	0.449	0.698	1
1.908	0.57	-0.108	0.145	-0.193	0
0.227	0.303	0.59	1.548	0.964	1
0.682	2.257	-0.443	-0.238	-0.246	0
0.497	0.773	2.066	-0.596	0.0	1
1.191	2.041	-0.367	0.237	0.216	0
0.257	1.029	2.142	1.26	0.0	1
2.666	0.329	0.188	0.226	-0.079	0
0.268	2.019	1.212	0.629	0.0	0
1.322	0.603	0.156	0.145	-0.163	0
0.61	1.225	1.108	1.224	-0.431	1
0.322	1.981	1.185	0.856	1.153	1
0.265	1.313	2.753	-0.78	0.0	0
2.317	0.282	1.688	-0.397	0.269	0
0.573	0.92	1.713	0.78	0.487	0
0.271	2.481	-0.485	0.312	-0.14	0
0.494	1.763	1.245	0.454	0.188	0
0.215	0.376	0.637	1.861	1.246	1
0.38	2.328	-0.485	0.285	-0.111	0
1.239	1.892	0.585	0.715	0.742	0
1.205	0.722	2.709	-0.604	-0.236	1
0.201	0.892	0.909	1.008	-0.476	1
0.668	1.559	-0.3	-0.128	-0.07	0
0.286	2.793	-0.459	0.22	0.156	0
3.092	-0.37	-0.131	-0.077	-0.051	0
0.689	1.289	2.224	1.191	-0.418	1
0.055	0.259	0.32	-0.469	0.0	0
0.321	0.648	0.388	1.075	0.0	1
0.345	1.987	1.372	0.678	-0.254	0
3.343	-0.28	-0.102	0.077	-0.052	0
0.895	0.559	1.321	1.421	1.516	1
0.128	0.621	1.433	2.052	0.0	0
-0.114	1.272	2.177	-0.644	-0.36	0
0.962	1.664	1.233	-0.71	1.043	1
0.677	1.413	0.316	0.194	-0.141	0
0.303	1.407	1.523	-0.434	-0.216	0
1.939	1.416	-0.238	0.139	-0.077	0
0.816	1.456	0.507	-0.189	0.0	0
0.554	0.741	2.498	-0.842	-0.405	1
0.933	3.142	-0.585	0.545	0.354	0
0.371	0.535	1.803	1.079	-0.646	1
0.837	2.421	-0.601	-0.271	-0.136	0
0.147	0.289	0.384	0.928	1.595	0
1.464	0.726	-0.13	0.102	0.091	0
1.786	1.517	0.394	0.182	-0.125	0
3.144	-0.268	0.164	0.12	-0.114	0
1.022	2.186	1.286	0.803	-0.227	0
0.143	0.979	1.945	-0.612	-0.261	0
1.752	2.127	0.507	0.22	-0.124	0
0.117	0.705	0.671	1.585	-0.878	1
1.053	0.573	1.927	1.495	-0.636	1
0.295	1.277	2.28	-0.574	0.0	0
0.072	0.333	0.556	0.507	0.438	0
0.529	3.296	-0.577	0.887	-0.272	0
0.234	1.933	1.898	-0.693	-0.27	0
0.564	0.46	2.157	0.906	0.501	1
-0.319	0.635	0.881	1.262	1.014	1
0.093	0.395	0.262	-0.461	1.012	0
2.559	1.059	1.477	-0.32	-0.123	0
0.321	3.02	1.304	0.677	-0.201	1
-0.125	1.458	1.659	0.643	0.0	0
0.287	0.931	2.156	0.902	1.253	1
0.967	2.689	-0.413	-0.337	0.813	0
1.46	0.796	0.449	-0.114	-0.066	0
0.367	2.32	0.717	0.539	-0.427	0
0.25	1.016	2.009	-0.493	-0.262	0
-0.18	1.99	0.772	0.489	-0.208	0
0.825	0.834	0.192	0.083	0.085	0
0.312	0.847	1.561	2.785	-0.707	1
0.494	2.442	-0.442	0.233	-0.134	0
1.806	1.66	-0.352	-0.111	0.11	0
0.574	2.549	-0.574	0.268	0.229	0
0.19	1.045	1.586	-0.476	0.0	0
1.176	2.254	-0.343	0.226	0.156	0
0.44	0.526	1.648	1.108	1.932	1
0.262	1.101	2.179	-0.672	-0.56	1
0.15	0.424	0.742	1.839	0.0	0
1.957	1.436	-0.279	0.232	-0.102	0
0.567	2.412	1.066	1.286	-0.362	1
1.162	0.769	-0.121	0.094	-0.051	0
-0.268	0.813	-1.164	1.662	0.0	1
0.643	1.634	-0.268	-0.141	0.0	0
2.991	0.411	-0.115	0.109	0.104	0
0.125	0.568	0.883	0.887	0.0	1
0.464	2.4	2.177	-0.387	-0.207	1
0.321	1.628	2.141	-0.561	-0.275	0
0.258	0.894	2.718	-0.68	-0.338	0
3.516	-0.361	0.173	0.084	0.069	0
0.222	0.436	0.52	1.207	1.687	1
0.354	1.042	2.617	-0.728	-0.385	1
2.957	0.36	1.436	-0.266	-0.128	0
1.89	1.009	0.48	0.366	-0.179	0
0.674	2.122	0.877	-0.249	-0.126	0
0.426	0.358	0.775	1.07	1.176	0
0.218	1.075	2.677	-0.948	0.0	0
0.172	0.411	1.958	0.959	-1.005	1
0.205	1.266	1.981	-0.874	0.0	0
0.089	0.706	0.663	0.406	0.447	0
0.693	0.627	0.716	2.078	-0.564	1
0.076	0.256	0.232	0.389	-0.342	0
0.362	0.399	1.622	1.423	0.671	1
0.868	2.002	-0.434	0.238	-0.137	0
0.436	2.86	0.927	1.081	-0.321	1
0.41	1.803	1.288	0.483	-0.278	0
0.146	0.402	0.495	-0.677	1.775	0
0.293	1.319	1.76	1.0	1.248	1
0.355	1.684	1.279	0.477	-0.231	0
0.459	0.709	2.144	1.706	-0.58	1
0.127	0.705	1.639	2.19	0.0	0
0.366	2.989	-0.515	0.331	-0.133	0
0.517	0.837	1.659	0.895	-0.548	1
0.15	0.827	0.947	1.827	0.0	1
3.004	-0.317	0.165	0.126	0.093	0
1.663	1.214	-0.168	0.11	0.086	0
0.921	0.872	-0.178	-0.082	-0.075	0
0.229	2.188	0.848	0.521	-0.24	0
0.81	1.545	-0.303	0.181	-0.087	0
0.863	0.685	1.928	1.896	-0.536	1
0.232	0.77	1.629	0.881	-0.4	1
0.157	0.514	0.792	1.52	1.984	0
-0.044	0.533	1.324	1.615	0.0	0
2.558	1.196	1.052	0.485	-0.143	0
1.095	1.291	-0.294	-0.132	0.0	0
1.55	2.107	0.583	0.809	0.411	0
0.266	1.2	-0.279	-0.142	-0.089	0
0.42	0.333	0.743	1.17	1.056	0
0.15	0.391	0.778	2.21	-0.693	1
0.306	0.483	1.901	1.404	1.526	1
0.096	0.344	0.316	0.476	-0.469	0
0.74	3.439	-0.486	-0.276	0.284	0
1.385	2.777	0.772	-0.227	-0.131	0
0.279	2.745	-0.406	0.231	0.161	0
0.406	1.016	1.186	2.047	0.0	1
0.265	1.442	0.681	0.306	0.115	0
0.2	1.042	0.604	1.051	0.0	1
0.959	1.399	-0.252	-0.1	-0.055	0
-0.106	0.548	1.397	0.0	0.0	0
0.984	2.097	1.249	0.781	-0.23	1
0.324	1.044	1.513	1.037	0.666	1
1.041	1.631	0.505	0.34	-0.263	0
0.193	0.363	0.561	-0.964	1.578	0
0.483	0.926	1.565	0.679	-0.34	1
0.162	0.705	1.06	2.135	-0.602	0
0.339	0.933	1.327	-0.334	-0.194	0
0.043	0.276	0.423	-0.545	0.0	0
0.361	1.791	0.522	0.264	0.132	0
0.285	1.068	2.042	1.394	-0.447	0
0.563	1.967	2.317	-0.589	-0.3	0
0.257	1.09	1.917	-0.443	-0.233	0
2.055	1.155	0.3	0.227	-0.065	0
-0.195	0.932	1.388	-0.707	0.988	1
0.326	0.457	1.856	1.601	1.48	1
1.636	2.166	1.094	0.594	-0.172	0
0.594	1.964	0.636	1.778	-0.508	0
2.09	0.618	-0.098	0.068	-0.039	0
0.305	0.94	1.637	-0.982	1.584	1
0.311	2.065	-0.493	0.34	0.0	0
0.219	0.912	0.941	-0.551	0.883	1
-0.089	-0.227	-0.488	1.332	1.273	0
1.653	0.732	-0.095	0.065	0.047	0
0.461	1.913	0.667	0.247	-0.095	0
1.157	2.253	1.342	-0.457	-0.158	1
-0.22	3.101	-0.64	-0.313	-0.165	0
0.14	0.589	1.323	1.963	-0.621	0
1.893	0.464	0.43	0.257	0.292	0
0.374	1.348	1.521	1.562	-0.498	1
0.177	1.241	1.328	-0.472	-0.209	0
1.079	2.082	1.781	-0.401	-0.172	1
1.086	1.046	0.254	0.202	-0.089	0
0.92	1.144	2.172	0.776	0.471	1
0.335	2.761	-0.515	1.349	-0.331	1
0.802	1.88	2.01	-0.49	0.0	0
0.37	0.517	1.821	2.47	-0.766	1
0.249	0.569	0.933	2.165	-1.034	1
0.346	0.925	2.396	1.064	0.419	0
0.128	0.351	0.582	2.105	-0.626	0
2.424	-0.251	0.513	1.239	-0.32	0
3.209	0.79	0.242	0.703	-0.28	0
0.278	0.632	1.103	1.443	-0.624	0
0.247	1.554	0.687	0.275	0.163	0
0.504	1.435	1.551	-0.378	-0.239	1
1.547	1.178	-0.218	0.128	0.071	0
0.959	0.755	1.611	0.942	1.499	1
0.598	2.118	1.005	-0.487	1.555	0
0.401	-1.038	-1.317	-0.736	-0.35	0
0.74	2.402	1.721	-0.458	-0.17	1
1.181	1.305	0.699	1.809	-0.499	0
0.072	0.376	0.657	1.93	-0.578	1
1.461	1.555	0.384	0.271	0.149	0
0.716	1.208	-0.218	-0.094	-0.05	0
0.344	0.931	2.588	-1.01	-0.41	0
1.822	0.767	0.195	0.149	0.099	0
1.205	0.721	2.708	-0.604	-0.236	1
0.913	2.728	-0.394	0.492	0.686	0
0.552	2.956	-0.539	0.285	-0.144	0
0.086	0.308	0.272	0.451	-0.367	0
0.325	0.854	1.639	1.221	1.817	1
1.149	1.11	-0.174	-0.08	-0.047	0
0.839	2.26	-0.402	0.244	0.172	0
0.282	1.739	0.825	0.329	0.161	0
2.287	-0.234	0.215	0.176	-0.085	0
3.498	0.468	-0.117	-0.064	-0.041	0
0.125	0.845	1.767	-0.737	0.0	0
0.149	0.355	0.516	1.416	0.0	0
0.162	0.532	0.652	1.32	1.052	1
0.736	0.75	1.83	2.181	-0.552	1
0.9	1.372	0.327	-0.1	-0.067	0
3.161	-0.243	0.211	-0.086	0.085	0
0.462	2.139	-0.388	-0.164	-0.089	0
0.743	1.288	1.955	-0.426	0.343	0
-0.117	-0.583	1.747	-1.156	0.0	0
0.278	1.134	2.136	-0.838	1.005	1
1.3	1.38	1.811	-0.522	-0.189	1
0.374	1.266	2.692	1.077	-0.376	0
1.467	0.76	-0.14	0.107	0.08	0
0.432	2.114	-0.426	0.224	0.14	0
0.479	0.357	1.891	2.419	-0.677	1
0.147	0.971	0.89	1.085	0.0	1
0.368	3.033	-0.68	0.476	0.682	0
0.548	0.611	1.954	-0.61	-0.361	1
0.115	0.514	0.733	0.725	0.0	1
3.777	0.592	-0.136	-0.103	-0.056	0
0.352	2.01	0.611	0.314	-0.135	0
1.801	0.853	1.353	0.85	0.525	0
0.138	0.753	1.175	1.894	0.0	0
-0.106	0.556	0.961	1.628	-0.863	0
0.37	0.81	0.888	1.628	-1.039	1
0.201	0.714	1.576	1.345	1.486	1
0.291	0.678	1.448	2.1	-0.546	0
1.2	0.979	-0.232	0.129	0.101	0
0.985	1.104	1.78	0.679	-0.277	0
0.303	1.571	1.285	-0.488	0.0	0
1.072	0.89	2.556	-0.668	-0.373	1
0.112	0.514	-0.887	1.609	-0.794	1
1.569	1.44	-0.223	0.129	-0.079	0
0.697	1.043	1.942	0.84	1.487	1
2.819	0.719	1.333	-0.26	-0.104	0
0.443	0.99	1.752	0.943	0.927	1
1.134	1.628	1.065	0.4	0.601	0
0.205	0.629	0.904	1.653	-0.468	0
0.553	2.923	-0.427	-0.215	0.19	0
2.662	0.624	0.444	1.052	-0.295	0
0.204	1.772	0.672	0.336	0.0	0
2.692	0.278	0.123	0.118	-0.056	0
1.066	2.814	-0.428	-0.202	0.254	0
0.901	2.767	0.829	-0.272	-0.148	0
1.353	3.078	0.872	0.348	0.0	0
0.139	0.422	0.463	1.517	0.961	1
0.234	0.48	1.111	-0.947	2.373	1
0.354	1.334	1.982	-0.7	0.0	0
2.467	1.238	-0.275	0.149	0.28	0
0.219	1.263	0.836	0.971	0.568	1
2.91	0.359	0.285	0.149	-0.081	0
0.206	1.121	1.296	0.498	-0.246	0
0.087	0.585	-0.67	2.38	0.0	0
2.697	-0.221	0.159	0.091	0.078	0
0.215	0.771	0.837	1.89	0.0	1
0.174	1.058	2.666	-0.748	0.448	0
0.25	2.692	-0.599	0.624	1.298	0
0.879	0.72	1.949	1.896	-0.52	1
0.321	1.523	2.036	-0.577	-0.398	0
0.43	0.597	1.02	2.424	-0.746	0
2.652	0.972	0.252	0.083	-0.052	0
0.411	0.736	2.119	0.839	-0.451	1
0.212	2.228	-0.589	0.295	0.18	0
0.469	0.548	1.694	1.319	1.587	1
0.716	1.75	0.852	0.226	0.132	0
2.327	2.156	-0.272	-0.142	-0.084	0
1.538	0.562	-0.089	0.084	0.071	0
0.109	0.697	0.322	0.579	0.0	1
0.765	2.815	-0.525	0.811	-0.284	0
0.349	2.027	-0.418	-0.151	-0.091	0
-0.309	0.907	1.961	-0.659	-0.371	0
0.456	1.419	2.22	-0.713	0.0	0
-0.504	1.951	0.828	-0.28	-0.175	0
1.519	1.395	-0.232	0.133	-0.081	0
0.125	0.295	0.459	0.62	-0.96	0
0.681	1.257	2.31	1.406	0.0	1
0.539	0.711	1.794	1.127	1.429	1
0.411	0.834	0.82	1.409	0.0	1
0.545	2.094	1.311	0.607	-0.2	1
0.642	1.871	-0.317	-0.141	0.0	0
0.393	1.749	1.55	-0.431	-0.253	0
-0.115	0.482	-0.579	-0.875	0.0	1
0.142	0.335	0.546	1.116	1.674	0
0.385	0.67	2.206	0.839	0.794	1
1.138	2.163	-0.383	0.261	-0.189	0
0.315	1.126	1.037	1.181	1.419	1
3.306	0.653	0.313	0.669	-0.218	0
0.409	3.187	-0.635	0.427	-0.187	0
0.336	2.902	-0.662	0.552	1.028	0
0.378	1.681	1.887	1.017	0.937	0
0.816	0.855	0.197	0.084	0.085	0
3.086	1.188	0.521	0.388	0.274	0
1.233	1.407	0.373	0.184	0.117	0
-0.316	1.418	1.792	-0.596	0.561	0
1.232	1.285	1.167	0.435	0.239	1
0.679	0.639	1.928	0.926	0.535	1
0.572	2.888	-0.527	0.836	-0.365	1
1.463	1.71	0.626	-0.171	-0.118	0
0.857	0.542	1.612	1.853	0.767	1
0.572	2.468	1.182	0.83	-0.371	1
0.296	1.004	1.78	0.807	-0.361	0
0.671	1.885	1.554	0.742	1.02	1
2.216	0.504	0.159	0.099	-0.089	0
0.479	0.493	1.424	2.1	0.0	0
0.343	0.927	1.783	1.192	1.546	1
-0.188	1.167	2.054	-0.745	-0.373	0
1.509	1.557	0.482	0.283	-0.169	0
0.25	0.891	0.891	2.313	0.0	1
0.128	0.5	0.428	1.026	1.031	0
1.146	2.519	-0.43	-0.18	0.125	0
0.351	0.607	2.578	0.819	0.353	0
2.915	0.596	0.294	-0.075	0.066	0
0.245	0.521	0.79	1.135	1.037	1
0.964	1.478	1.244	0.845	1.184	1
0.119	0.654	0.257	0.404	0.873	1
0.582	0.401	1.882	1.017	0.0	1
0.864	2.73	-0.456	-0.199	-0.122	0
0.982	2.136	-0.403	-0.151	-0.105	0
0.195	1.464	1.667	0.714	-0.627	0
-0.321	-0.599	1.496	0.806	-0.366	1
0.103	0.427	0.643	1.374	0.984	1
0.63	1.0	1.738	1.238	1.264	1
0.325	0.779	0.955	-1.354	0.0	0
0.139	0.384	0.803	1.56	1.075	0
0.235	0.368	0.404	1.219	2.13	0
0.137	0.894	2.211	-0.765	0.0	0
0.123	0.915	0.777	1.984	-0.806	1
0.95	0.555	1.311	1.481	1.495	1
0.242	0.859	2.259	-0.688	0.0	0
3.154	0.61	-0.149	-0.08	-0.049	0
1.462	1.329	0.322	-0.099	0.112	0
1.846	0.267	-0.077	0.09	-0.08	0
0.403	1.026	1.205	1.809	1.525	1
0.069	-0.166	0.428	-0.408	0.0	1
0.44	1.846	0.747	0.244	0.124	0
0.273	1.982	1.041	0.567	-0.411	0
0.639	2.884	0.871	-0.377	-0.143	0
0.598	1.798	0.479	-0.177	0.0	0
0.151	0.509	0.505	-0.312	0.944	1
0.484	2.633	0.917	-0.305	0.163	0
0.111	0.397	0.8	0.683	0.0	1
-0.05	0.42	0.923	-0.357	-0.357	1
0.66	1.695	0.99	0.264	0.15	0
1.014	0.491	1.761	0.847	-0.239	1
1.59	2.24	0.711	-0.188	0.197	0
0.238	1.615	1.22	-0.487	0.0	0
0.205	1.163	1.643	-0.499	-0.2	0
0.126	0.436	0.541	1.177	1.25	0
1.126	0.909	2.506	-0.595	-0.353	1
1.15	2.51	-0.45	0.659	0.548	0
0.427	-1.045	-1.089	-0.444	-0.286	0
2.721	0.652	-0.1	-0.063	0.056	0
0.212	0.656	0.907	1.481	0.0	0
0.231	0.661	2.467	1.153	1.191	1
1.678	1.266	0.522	0.394	-0.206	0
2.767	0.315	1.166	-0.304	0.269	0
0.325	0.765	0.736	1.373	-0.677	1
0.314	1.186	1.595	1.327	-0.623	1
0.623	2.432	-0.495	-0.203	0.186	0
0.281	2.246	0.648	0.255	0.281	0
0.489	2.921	-0.47	0.255	-0.161	0
1.322	1.284	2.042	-0.441	-0.179	1
1.757	0.972	0.866	1.579	-0.449	0
0.136	0.679	0.46	0.663	0.73	0
3.097	0.575	0.228	0.275	-0.077	0
2.241	0.78	0.341	-0.092	-0.053	0
0.452	2.425	1.323	0.685	0.0	0
0.512	0.87	-1.3	0.649	-0.324	1
2.111	0.901	0.371	0.268	0.515	0
0.61	2.82	0.866	-0.317	0.971	0
1.083	0.761	-0.153	0.076	0.055	0
0.21	1.452	0.79	0.63	0.0	0
0.099	0.258	0.332	1.391	1.838	0
0.148	0.672	1.092	1.526	0.648	1
0.258	2.814	-0.461	-0.239	-0.153	0
1.017	1.05	0.256	0.202	-0.089	0
0.738	0.57	2.037	-0.591	0.39	1
1.041	1.631	0.505	0.34	-0.262	0
1.087	1.908	-0.373	0.25	-0.18	0
1.033	1.105	-0.254	-0.101	0.0	0
0.737	3.178	-0.741	0.437	0.186	0
0.114	0.501	0.939	0.882	-0.52	1
1.482	2.23	-0.55	-0.209	-0.117	0
0.625	1.85	0.764	0.319	0.187	0
0.598	1.595	2.137	0.705	-0.257	1
0.09	0.314	0.445	1.544	0.0	0
0.474	1.093	1.336	0.697	-0.376	1
0.778	1.038	0.904	-0.317	-0.164	0
0.339	1.855	0.577	0.288	0.139	0
0.272	0.719	0.413	1.061	-0.518	1
3.052	0.536	0.24	-0.165	0.48	0
0.52	2.213	1.208	0.417	-0.195	0
2.308	1.357	-0.259	0.199	-0.095	0
0.106	0.635	0.252	0.453	0.944	1
2.486	0.532	0.234	0.087	0.071	0
0.182	0.418	1.202	1.724	-0.667	0
0.354	1.407	1.046	1.962	0.0	1
0.279	1.213	2.769	-0.858	-0.372	0
0.445	0.965	2.056	0.958	1.31	1
0.23	0.749	2.933	-0.97	0.516	1
2.865	-0.213	0.166	0.099	-0.093	0
2.039	1.226	0.508	0.35	-0.135	0
0.287	0.814	1.049	1.082	-0.349	1
3.802	-0.393	0.153	-0.082	-0.055	0
0.266	3.155	-0.48	0.434	1.022	0
1.878	0.892	0.76	1.609	-0.446	0
0.271	1.286	2.305	-0.702	0.0	0
2.51	-0.217	0.213	0.159	-0.092	0
1.687	1.914	-0.315	-0.148	-0.101	0
1.053	0.573	1.926	1.495	-0.636	1
1.796	0.858	0.313	0.189	-0.131	0
0.204	0.527	0.407	1.66	-0.714	1
2.525	0.647	0.375	0.356	0.448	0
0.365	1.946	-0.279	-0.137	-0.091	0
0.22	1.291	2.661	-0.639	-0.415	0
2.275	0.69	0.114	0.103	0.072	0
2.793	0.285	1.283	-0.314	0.296	0
0.266	0.825	2.484	-0.527	-0.319	0
2.24	-0.237	0.416	1.551	-0.454	0
3.716	0.55	0.268	0.454	-0.122	0
1.54	2.122	-0.36	-0.388	0.815	0
2.437	1.018	-0.281	0.182	0.2	0
0.979	1.545	1.49	0.576	1.144	1
2.555	-0.242	0.208	0.188	-0.095	0
0.187	1.346	1.791	0.679	0.0	0
1.802	0.855	1.353	0.851	0.525	0
0.86	2.661	-0.397	-0.18	-0.131	0
0.189	1.169	1.42	-0.406	0.0	0
0.203	1.185	1.777	-0.6	0.0	0
1.097	2.087	-0.549	0.2	0.245	0
0.329	0.8	0.792	0.957	0.873	1
0.246	0.683	2.489	-0.781	0.376	0
0.548	2.581	0.957	0.479	-0.201	0
0.148	1.48	1.646	0.754	0.0	0
0.834	2.73	-0.45	-0.19	-0.123	0
0.134	0.651	1.536	2.12	0.0	0
0.736	2.7	-0.486	0.255	-0.22	0
0.107	0.622	1.23	0.944	0.0	1
0.327	0.659	0.765	2.197	2.149	1
0.351	0.785	1.03	1.792	0.0	1
1.195	1.537	-0.344	-0.115	-0.083	0
2.879	0.424	-0.107	0.08	-0.055	0
0.225	0.363	0.738	1.63	-0.97	1
0.762	3.061	-0.456	-0.209	0.159	0
0.448	2.085	-0.403	-0.169	-0.09	0
0.369	1.788	1.134	-0.448	0.0	0
0.287	0.99	1.566	0.904	0.0	1
0.509	0.399	0.665	-0.156	0.0	0
2.879	0.341	0.274	0.148	-0.076	0
2.724	0.297	0.192	0.222	-0.084	0
3.015	0.337	-0.117	-0.078	-0.052	0
0.511	2.783	-0.523	0.345	-0.156	0
0.131	0.482	0.482	0.916	0.899	0
0.501	0.462	1.551	1.562	1.704	1
0.4	0.945	2.202	-0.557	-0.306	0
1.645	0.996	0.502	-0.137	-0.052	0
0.174	0.719	1.091	1.546	-0.581	1
0.703	0.863	1.595	0.915	1.496	1
0.154	0.388	0.555	2.153	-0.829	0
0.47	0.637	1.772	1.189	1.476	1
-0.206	0.938	1.674	-0.78	0.96	1
0.637	2.446	1.17	-0.338	0.0	0
0.357	1.663	0.541	-0.196	-0.119	0
1.722	0.517	2.305	-0.586	-0.218	0
0.134	0.462	0.877	1.248	1.302	1
0.779	1.671	1.253	0.648	0.587	1
0.191	0.787	1.295	1.728	-0.619	1
2.239	0.958	-0.147	0.125	0.093	0
0.35	1.186	2.138	-0.584	-0.272	0
0.816	2.242	-0.331	-0.17	-0.12	0
0.564	1.178	1.19	-0.319	0.242	0
1.228	0.904	0.271	0.108	0.082	0
1.362	1.301	0.486	0.385	-0.277	0
0.598	1.583	-0.355	-0.152	-0.075	0
0.849	1.938	0.812	1.274	-0.446	1
0.265	1.678	0.806	0.324	0.158	0
0.918	0.758	-0.161	0.075	-0.044	0
2.318	1.826	-0.356	0.991	-0.285	0
2.059	1.637	0.746	-0.169	0.157	0
0.555	2.557	1.385	0.578	0.0	0
0.442	2.439	-0.453	-0.226	-0.117	0
0.249	1.423	1.518	-0.459	-0.233	0
0.691	0.817	2.021	-0.679	-0.684	1
3.367	0.66	0.941	-0.242	-0.095	0
0.172	0.714	0.53	0.353	0.9	1
0.602	0.504	2.298	0.889	-0.435	1
0.328	0.656	0.838	2.117	1.779	1
-0.121	1.064	2.83	-0.798	0.0	0
0.245	0.355	0.744	1.934	1.389	1
0.748	1.16	0.798	0.896	0.821	1
0.222	0.577	0.607	1.784	-1.143	1
2.708	0.54	-0.143	-0.084	0.139	0
0.362	2.848	-0.601	0.483	0.694	0
0.693	1.99	-0.31	0.179	-0.114	0
1.166	1.382	1.907	0.706	0.375	1
3.151	0.54	0.227	0.216	-0.061	0
1.781	1.995	-0.36	-0.139	-0.105	0
1.046	2.514	0.865	0.812	-0.214	1
1.179	1.328	-0.231	-0.093	-0.064	0
0.401	2.322	-0.347	-0.164	-0.093	0
0.232	2.627	0.687	1.597	-0.482	0
3.139	0.704	0.245	0.915	-0.227	0
0.992	2.133	-0.294	-0.152	-0.11	0
2.45	1.212	-0.162	-0.081	0.082	0
0.741	2.844	0.937	0.512	0.602	0
0.892	1.534	-0.287	-0.118	-0.069	0
0.174	0.453	0.97	1.701	-0.601	0
0.538	0.834	2.371	-0.72	0.73	1
0.473	2.888	-0.448	-0.222	-0.158	0
1.782	0.786	-0.151	0.115	0.081	0
0.908	0.896	1.072	0.937	-0.23	1
0.881	1.29	1.726	1.098	0.834	1
3.046	0.977	-0.226	0.142	0.246	0
0.414	2.374	0.941	0.511	-0.258	0
1.487	1.554	0.739	0.305	0.337	0
0.665	2.476	0.621	1.359	-0.365	0
0.155	1.232	0.554	1.047	1.079	1
0.638	3.104	-0.52	-0.249	-0.125	0
0.324	0.712	0.741	1.91	-0.908	1
0.557	2.494	-0.423	0.309	1.185	0
0.258	0.378	1.122	1.364	-0.784	1
0.083	0.291	0.288	0.54	0.0	0
0.442	0.976	2.113	-0.532	-0.387	0
1.126	2.533	-0.339	0.183	-0.11	0
0.306	0.593	1.177	0.805	1.005	1
3.632	0.732	-0.163	-0.082	-0.056	0
1.137	0.603	1.704	0.636	-0.26	1
0.58	3.166	-0.617	0.386	-0.173	0
0.704	0.988	1.688	1.48	-1.12	1
0.645	0.607	1.681	0.867	1.106	1
0.932	2.3	-0.49	-0.202	0.0	0
0.624	1.283	1.273	0.79	1.38	1
1.141	0.732	0.151	0.088	0.089	0
0.347	2.408	0.624	0.347	-0.311	0
0.885	1.789	1.276	1.406	-0.496	1
1.364	1.941	-0.341	-0.129	-0.075	0
0.487	2.897	-0.553	0.567	0.831	1
0.69	0.606	1.739	1.305	0.579	1
0.207	0.729	1.062	1.448	-0.469	0
0.465	1.111	0.827	1.238	-0.55	1
0.521	2.947	0.989	0.445	0.0	0
0.181	1.099	0.81	1.203	0.0	0
0.345	2.885	-0.651	0.618	1.117	0
0.12	0.342	0.575	2.155	-0.634	0
0.195	0.454	0.768	0.713	0.72	1
0.591	2.437	1.02	-0.387	-0.174	0
1.631	1.369	-0.275	0.218	0.161	0
0.169	0.397	0.678	1.654	-0.651	0
2.196	0.269	0.513	1.841	-0.528	0
1.611	2.175	1.114	0.548	-0.153	0
0.917	1.68	0.577	0.633	-0.2	1
0.564	3.344	-0.606	0.751	-0.27	0
3.056	0.469	1.166	-0.279	-0.105	0
0.934	2.115	1.777	-0.421	0.547	0
2.406	-0.221	0.216	0.198	-0.067	0
-0.148	1.243	1.99	-0.757	0.0	0
0.4	0.994	2.373	-0.643	-0.369	0
0.686	1.069	1.181	1.049	1.84	1
1.064	-1.012	-0.546	1.599	-0.583	0
1.165	0.903	1.661	0.648	-0.264	1
1.413	2.811	0.737	-0.216	-0.131	0
0.181	1.368	1.869	-0.675	-0.421	0
0.316	2.05	1.632	0.688	-0.285	0
1.102	2.78	-0.438	-0.205	-0.135	0
0.203	1.205	2.009	-0.546	0.0	0
0.813	2.42	0.648	0.476	0.942	0
0.134	0.329	0.443	1.537	1.551	0
1.639	1.796	-0.345	0.406	1.027	0
0.34	2.16	-0.488	0.361	0.0	0
1.302	1.829	-0.383	-0.134	-0.102	0
0.246	0.603	0.553	1.518	1.325	0
0.242	0.395	1.444	1.722	2.137	1
0.72	2.762	0.788	-0.221	-0.116	0
0.226	0.672	1.4	1.814	0.0	0
1.039	2.521	-0.385	-0.156	-0.107	0
1.107	1.683	1.012	0.521	0.316	0
1.613	2.71	-0.345	-0.185	0.236	0
1.013	1.772	-0.324	0.206	0.137	0
0.99	2.66	-0.403	-0.164	0.148	0
0.106	0.158	0.101	0.547	-0.672	1
0.315	1.503	1.331	0.369	-0.164	0
0.162	0.451	0.517	0.79	0.0	1
2.168	1.537	0.842	0.709	-0.195	0
2.17	-0.458	0.274	0.264	-0.124	0
1.308	2.352	1.289	-0.325	-0.129	1
0.231	0.471	1.191	1.862	0.899	0
0.117	0.557	0.742	-1.242	0.0	1
0.725	2.566	-0.518	-0.195	0.0	0
0.113	0.47	0.856	0.597	-0.789	1
0.241	0.511	0.665	2.272	-0.859	0
1.02	0.605	1.869	1.409	0.756	1
0.309	1.464	1.893	-0.551	0.0	0
0.47	1.373	2.131	1.264	-0.616	1
3.15	0.54	0.227	0.216	-0.061	0
0.092	0.579	0.617	0.845	0.0	0
0.38	1.585	0.644	-0.244	-0.128	0
1.338	1.555	0.496	0.517	1.038	0
2.389	1.318	0.691	0.912	-0.24	0
-0.632	-0.881	-0.966	-0.868	-0.486	1
0.727	1.561	0.564	0.236	0.214	0
0.805	2.64	0.795	-0.223	0.13	0
0.284	1.381	-0.306	-0.147	0.116	0
-0.966	1.326	-0.329	-0.176	-0.15	0
1.024	2.403	-0.505	0.258	0.434	0
2.547	0.766	0.293	0.747	-0.234	0
2.314	1.351	0.438	-0.138	-0.28	0
2.182	0.987	-0.164	0.135	0.106	0
0.749	2.499	1.538	-0.428	-0.219	0
0.331	2.978	-0.486	-0.233	-0.152	0
0.599	3.057	0.933	0.59	-0.255	1
0.105	0.495	1.206	2.321	0.0	0
0.264	1.276	2.683	-0.635	-0.376	0
0.359	1.105	2.39	-0.658	0.947	1
0.438	3.131	-0.521	0.324	0.76	0
0.249	0.964	2.085	1.071	0.0	1
0.987	2.4	-0.491	-0.164	-0.109	0
0.365	1.356	0.965	0.581	0.381	1
0.087	0.425	1.102	1.916	0.0	0
3.087	-0.304	0.15	-0.072	0.057	0
2.571	-0.235	0.2	0.137	-0.132	0
0.12	0.508	0.883	-0.698	0.0	1
3.078	0.338	0.198	0.211	-0.089	0
1.311	2.079	-0.433	0.201	-0.252	0
1.214	1.807	1.98	-0.398	-0.16	1
1.508	1.749	0.569	-0.174	0.0	0
0.187	0.474	0.548	0.996	0.0	1
0.235	1.178	2.537	-0.725	1.184	0
1.141	2.928	-0.455	-0.207	-0.138	0
0.256	1.233	2.04	-0.547	-0.292	1
0.39	3.135	-0.582	0.456	0.664	0
1.944	-0.434	-0.145	-0.079	-0.056	0
1.44	2.132	-0.385	0.249	0.209	0
0.337	2.682	0.701	0.317	0.194	0
0.055	0.205	0.2	0.486	1.356	0
0.229	1.112	1.99	1.062	0.0	0
3.226	-0.214	0.15	-0.075	0.073	0
0.173	0.962	0.788	1.051	-0.38	0
0.442	0.52	1.071	2.105	0.0	1
0.584	3.106	-0.421	0.302	0.848	0
0.4	1.334	1.457	1.883	0.0	1
0.115	0.375	0.486	1.742	0.0	0
3.553	-0.281	0.17	-0.076	0.062	0
0.471	0.782	0.408	1.563	-0.553	1
-0.106	-0.363	-0.401	1.3	0.0	1
0.211	0.538	0.841	2.189	0.0	0
0.342	2.176	-0.339	0.294	-0.122	0
1.031	0.584	1.866	1.532	-0.671	1
0.137	0.714	1.35	0.972	-0.63	1
