1.24	0.875	-0.205	-0.078	0.067	0
0.401	1.159	2.064	-0.69	-0.308	0
0.316	1.36	1.986	-0.624	0.497	0
0.136	0.736	1.847	1.073	-0.424	0
0.747	1.029	1.346	-0.998	1.722	1
2.881	0.896	0.495	0.475	-0.113	0
0.531	2.105	-0.397	-0.201	-0.103	0
0.125	0.548	0.795	0.836	0.0	1
0.967	2.225	-0.291	-0.145	-0.107	0
1.905	0.487	-0.127	0.079	0.072	0
0.172	0.953	2.051	-0.777	-0.572	0
0.955	1.445	1.608	0.716	0.689	1
0.218	0.659	1.048	2.194	-0.904	1
0.871	0.961	1.468	1.132	1.339	1
1.752	1.47	1.261	-0.437	0.648	1
0.421	1.055	2.305	-0.547	0.344	0
0.17	1.356	0.82	0.333	0.0	0
0.184	0.496	0.514	1.117	1.106	1
0.66	0.885	1.552	-0.425	0.345	1
2.456	0.964	0.686	0.849	-0.257	0
0.389	0.55	0.897	1.13	0.0	1
0.456	2.315	1.872	0.703	-0.293	0
0.704	0.758	1.516	1.905	-0.85	1
1.437	1.91	1.583	0.563	-0.165	1
0.459	0.541	1.959	1.106	-0.785	1
0.333	1.292	1.023	0.455	-0.199	0
3.06	0.584	0.224	0.326	-0.088	0
0.387	0.474	1.643	2.735	-0.624	1
0.156	1.135	1.541	-0.448	-0.214	0
0.245	0.552	0.581	-0.528	0.0	0
2.063	0.377	0.143	0.108	0.1	0
0.144	0.713	1.753	1.197	0.0	0
3.151	-0.31	0.308	0.612	-0.171	0
1.129	2.213	0.816	0.65	-0.436	0
0.284	0.976	2.743	-0.786	-0.392	1
0.389	3.191	-0.499	-0.204	-0.136	0
3.115	0.571	0.235	-0.074	-0.043	0
-0.077	-0.174	0.431	-0.47	0.0	0
1.466	0.924	-0.172	-0.073	0.076	0
0.14	0.996	2.233	-0.721	-0.281	0
0.178	0.299	0.516	1.123	1.037	1
1.128	0.804	-0.156	0.109	0.0	0
0.209	0.617	0.883	1.338	0.705	1
0.155	0.453	1.053	2.089	-0.71	0
3.272	0.713	-0.131	-0.085	-0.052	0
0.586	2.408	-0.62	-0.267	-0.166	0
0.128	0.434	0.509	2.041	0.0	0
0.98	2.364	-0.496	-0.186	-0.109	0
0.278	0.72	0.442	1.172	-0.538	1
0.136	0.766	-0.584	2.249	0.0	1
0.71	3.162	-0.393	-0.255	0.662	0
0.095	0.413	0.362	0.544	0.0	0
-0.155	1.643	1.345	0.62	0.372	0
1.169	2.579	-0.529	0.724	0.488	0
0.22	0.709	1.048	1.3	-0.721	1
0.169	0.41	0.485	-0.646	1.926	0
0.122	0.561	0.927	0.0	0.0	1
0.755	1.277	-0.297	-0.426	1.903	0
0.152	0.52	0.92	1.652	-0.749	1
1.918	1.214	0.261	0.114	-0.067	0
0.449	1.903	-0.309	0.223	-0.09	0
0.735	2.882	1.014	-0.355	0.216	0
0.319	1.027	2.416	1.356	0.0	0
0.293	1.058	2.634	-0.756	0.0	0
0.536	2.885	1.008	0.451	0.0	0
2.917	1.008	0.494	0.432	0.385	0
0.365	0.876	0.9	1.509	0.0	1
0.118	0.384	0.41	0.973	1.363	0
0.077	-0.088	0.197	-0.326	0.0	1
0.328	1.09	2.044	1.063	1.043	1
0.279	0.892	2.474	-0.53	-0.307	0
0.644	1.852	-0.505	0.213	-0.115	0
1.094	2.35	-0.346	0.183	-0.108	0
0.106	0.455	0.989	1.748	0.0	0
0.266	0.478	1.972	1.0	0.602	1
0.283	1.136	2.694	-0.661	0.77	1
-0.147	1.023	1.96	0.901	0.0	0
0.55	2.247	0.744	0.503	-0.363	0
1.423	2.429	0.999	0.553	-0.157	0
0.308	2.612	-0.517	0.271	0.174	0
0.091	0.36	0.497	-1.093	0.0	0
0.656	1.465	1.766	0.689	-0.253	0
0.247	0.645	0.797	1.719	0.977	0
0.241	1.884	0.49	0.272	-0.103	0
0.19	0.496	0.893	1.781	-0.507	0
0.201	1.552	0.829	0.323	0.183	0
3.325	0.688	-0.133	-0.089	-0.056	0
0.641	2.998	-0.526	-0.204	-0.144	0
2.733	0.493	-0.116	0.082	-0.041	0
1.231	1.554	2.102	-0.409	-0.219	1
0.152	0.336	0.45	-0.608	1.78	0
0.12	0.38	0.413	0.997	0.0	0
0.38	2.526	1.04	-0.466	0.0	0
1.518	1.411	-0.23	0.135	-0.08	0
0.646	0.378	1.547	0.796	0.72	1
1.136	2.373	1.464	-0.3	-0.168	1
0.523	0.813	1.771	1.27	0.758	1
0.108	0.305	0.386	-0.664	-1.016	0
1.334	1.06	1.236	1.109	0.682	0
0.316	1.385	1.342	-0.401	-0.204	0
1.203	2.741	0.944	0.313	-0.141	0
1.422	2.28	-0.554	-0.21	0.114	0
0.747	0.593	1.381	1.936	1.205	1
0.437	1.435	0.502	0.303	0.0	0
0.312	2.136	-0.335	-0.184	-0.108	0
0.437	2.9	-0.578	1.17	-0.385	0
2.209	1.314	0.443	0.529	0.745	0
0.214	1.201	0.711	1.41	0.764	1
0.717	1.937	0.963	-0.257	0.209	0
0.25	0.5	2.194	0.831	0.616	0
0.399	3.177	-0.509	-0.212	-0.141	0
-0.235	0.726	0.866	1.448	0.0	1
0.159	0.356	0.591	1.763	1.424	0
0.53	2.976	-0.61	0.683	0.671	0
0.315	1.213	0.769	1.048	0.786	1
0.179	0.448	1.268	1.786	-0.631	0
0.413	2.223	1.258	0.713	0.951	1
0.648	3.489	-0.54	0.344	0.273	0
2.62	1.082	1.435	-0.239	-0.107	0
0.432	0.961	1.246	0.865	2.116	1
0.238	0.809	2.106	-0.604	-0.711	1
0.972	1.505	-0.232	-0.101	0.101	0
0.598	0.932	2.187	1.787	-0.49	1
-0.802	0.884	-0.289	0.341	-0.452	0
0.563	2.441	1.527	-0.485	0.0	0
1.21	1.811	0.896	0.463	0.301	0
2.909	0.745	-0.168	0.265	-0.092	0
0.52	0.985	1.236	1.072	1.783	1
1.509	1.501	0.56	1.513	-0.407	0
0.651	2.706	0.894	0.903	-0.32	1
0.116	0.719	1.221	0.0	0.0	1
0.67	3.124	-0.576	-0.285	-0.366	0
1.49	1.435	-0.249	-0.095	0.091	0
1.472	1.773	-0.347	-0.123	-0.077	0
0.249	1.066	2.355	-0.791	0.0	0
0.635	1.011	2.131	1.184	0.832	1
0.109	0.381	0.656	-0.263	-0.478	0
1.239	1.892	0.585	0.715	0.741	0
1.807	1.094	-0.191	-0.082	0.068	0
0.504	2.242	0.645	0.684	0.845	1
0.14	0.312	0.314	0.351	0.922	1
0.477	3.228	-0.618	-0.288	-0.154	0
1.346	2.116	-0.304	-0.166	-0.145	0
0.518	2.673	1.493	0.691	-0.269	0
2.055	1.169	0.301	0.235	-0.066	0
2.163	0.875	0.376	-0.095	-0.06	0
1.545	2.072	0.575	0.758	0.423	0
0.586	1.146	1.123	2.144	-0.7	1
0.819	1.963	1.105	1.48	-0.357	1
0.561	1.17	1.464	1.012	1.311	1
0.583	2.523	0.658	0.295	0.246	0
-0.982	1.558	-0.327	-0.136	-0.086	0
0.16	0.374	0.269	0.482	0.0	1
0.771	2.585	-0.676	0.426	-0.3	0
0.366	1.727	0.828	0.386	-0.202	0
2.329	0.794	0.311	-0.082	0.075	0
1.52	1.396	-0.232	0.133	-0.081	0
0.207	1.141	1.935	-0.548	-0.229	0
0.056	0.245	0.364	-0.428	0.0	0
3.53	-0.271	0.181	-0.078	0.071	0
1.301	2.591	-0.415	-0.246	-0.286	0
-0.083	-0.477	-1.189	-1.581	0.0	0
0.49	1.113	1.751	1.019	1.024	1
0.383	1.686	0.65	-0.256	-0.17	0
0.657	0.49	0.812	2.008	-0.561	0
0.155	0.825	0.851	1.949	-0.667	0
0.143	0.947	0.779	1.17	0.0	1
0.536	3.273	-0.604	-0.307	-0.356	0
1.312	1.38	0.337	-0.154	-0.075	0
0.312	1.078	1.058	1.277	0.0	1
1.203	2.256	-0.356	-0.157	-0.108	0
0.295	0.966	1.56	-0.458	0.4	1
0.122	0.689	0.398	-0.736	0.0	1
0.567	0.51	1.018	1.576	-0.617	1
0.231	1.136	2.493	-0.638	0.0	0
0.961	1.392	1.215	0.476	1.277	1
0.384	3.147	1.699	-0.41	-0.172	1
-0.164	0.342	0.758	1.911	-1.145	1
0.683	3.51	-0.562	0.319	0.275	0
0.498	3.28	-0.608	-0.242	0.0	0
0.45	0.721	1.903	1.228	1.565	1
1.639	2.471	-0.466	-0.2	-0.11	0
0.115	0.628	0.523	0.719	0.731	0
0.536	0.795	2.354	1.06	-0.347	0
2.956	0.36	1.436	-0.266	-0.128	0
3.724	-0.302	-0.128	-0.083	-0.061	0
0.436	2.561	1.097	0.802	0.0	0
0.475	0.984	1.695	-1.032	-0.825	1
2.64	0.625	0.155	0.106	0.058	0
0.762	1.413	0.5	0.195	-0.081	0
0.912	0.791	0.893	1.416	0.563	1
0.898	1.405	-0.344	-0.113	0.0	0
2.314	0.674	-0.091	-0.059	0.048	0
0.194	1.262	1.72	0.754	0.0	0
0.31	0.953	1.54	1.066	-0.639	1
2.513	0.349	0.845	1.461	-0.371	0
0.211	1.58	1.101	0.498	0.0	0
0.069	0.269	0.337	0.931	1.571	0
0.785	2.862	0.843	0.538	0.59	0
0.68	2.254	-0.532	-0.215	0.0	0
0.316	0.742	0.73	1.221	-0.88	1
0.369	3.048	0.828	0.7	0.0	0
2.619	0.853	-0.161	0.091	-0.048	0
0.705	1.623	1.774	0.726	1.199	1
0.238	0.454	1.589	1.379	0.692	0
1.303	1.852	-0.364	0.406	1.379	0
1.121	1.599	0.512	0.329	-0.275	0
0.129	0.546	0.893	0.53	0.0	0
0.202	0.672	0.783	1.99	-0.709	0
0.219	0.695	1.079	1.107	-0.635	1
0.928	1.866	1.028	-0.282	-0.136	0
0.172	0.526	0.524	1.262	0.0	1
0.121	0.172	0.165	-0.439	1.005	1
0.093	0.443	0.752	2.5	0.0	1
0.705	2.407	-0.348	-0.18	-0.124	0
1.781	1.57	-0.209	-0.115	0.086	0
0.212	1.31	2.543	-0.806	0.0	0
2.242	1.108	-0.148	0.11	-0.056	0
0.244	0.692	0.951	1.574	0.0	0
2.348	0.283	0.143	0.163	-0.064	0
0.31	0.496	1.401	1.696	1.766	1
0.301	1.809	-0.281	-0.138	-0.095	0
0.611	1.37	2.296	-0.706	-0.255	1
0.161	0.884	0.821	1.944	-0.676	0
2.036	1.325	0.513	0.373	-0.135	0
-0.154	-0.237	-0.372	1.003	1.676	1
0.152	1.282	0.796	0.335	0.0	0
1.58	1.639	0.709	0.28	0.357	0
0.1	0.261	0.323	1.385	1.829	0
0.658	1.518	1.368	1.077	1.151	1
2.53	-0.211	0.213	0.152	-0.059	0
2.061	1.922	-0.293	0.174	0.114	0
0.171	-0.298	-0.509	-1.084	-0.995	1
0.243	1.265	2.289	-0.524	0.0	0
0.192	0.982	2.439	0.961	-0.506	0
3.598	-0.319	-0.143	0.078	-0.054	0
0.325	1.122	2.831	-0.798	-0.366	0
0.186	1.112	0.9	1.309	-0.495	0
-0.266	0.638	0.731	1.742	0.0	1
0.234	1.176	0.888	0.714	0.0	1
0.277	1.333	2.228	-0.536	0.551	0
3.496	0.728	0.275	-0.281	-0.239	0
1.147	0.598	1.717	0.635	-0.248	1
0.167	0.402	0.467	-0.607	1.807	0
0.24	1.851	0.659	0.286	-0.11	0
0.966	2.283	0.617	1.456	-0.431	0
0.402	0.617	1.656	1.123	-0.363	0
1.103	0.789	-0.123	0.075	-0.059	0
2.938	0.357	1.369	-0.287	-0.131	0
0.133	0.503	1.141	0.981	0.826	0
0.46	1.211	0.488	-0.501	0.0	1
0.273	1.623	-0.435	0.226	-0.093	0
0.16	0.991	0.508	1.083	1.006	1
0.564	3.093	1.211	0.63	-0.237	0
2.509	0.448	1.68	-0.387	-0.146	0
-0.053	0.502	1.327	1.72	-0.594	0
1.011	2.776	1.053	0.474	-0.168	1
0.495	2.94	-0.701	0.4	-0.16	0
1.108	1.182	0.35	-0.091	0.077	0
0.936	2.178	1.747	-0.368	-0.145	0
0.881	1.289	1.726	1.098	0.834	1
1.851	0.249	-0.072	0.097	-0.074	0
2.866	0.545	0.379	0.959	-0.256	0
3.059	-0.314	-0.104	0.078	-0.051	0
0.47	0.435	1.759	0.743	0.422	1
0.323	0.577	0.736	1.267	0.0	1
0.09	0.311	0.43	1.454	1.135	0
0.838	1.825	-0.389	0.296	-0.43	0
0.257	1.277	1.865	-0.605	0.0	0
0.223	0.395	0.399	1.207	1.386	0
2.426	0.954	-0.135	0.116	0.083	0
1.117	0.707	2.215	-0.691	0.311	0
0.836	1.403	-0.26	-0.336	2.016	0
0.331	0.729	0.666	1.338	1.339	1
0.138	0.34	0.451	1.308	0.0	0
2.026	1.041	0.429	0.522	0.615	0
2.479	0.616	-0.1	-0.064	-0.044	0
1.058	1.379	1.66	1.283	-0.444	1
3.05	0.402	1.256	-0.298	-0.115	0
0.251	0.474	0.627	1.311	2.021	1
0.834	2.757	-0.347	-0.163	-0.12	0
0.891	1.352	1.66	0.861	0.854	1
0.736	2.022	-0.329	0.179	0.123	0
0.562	1.018	1.647	-0.43	0.918	1
1.248	3.001	-0.43	-0.171	-0.128	0
2.84	1.351	0.36	0.679	-0.16	0
0.242	1.661	1.102	0.4	-0.164	0
3.055	0.508	-0.123	-0.075	-0.049	0
0.468	2.591	-0.455	-0.238	-0.121	0
0.271	0.641	0.805	2.283	-1.064	1
0.852	1.655	2.298	-0.528	-0.219	1
0.104	0.356	0.453	1.809	-1.037	0
0.618	1.016	2.178	-0.401	0.533	0
1.802	1.243	-0.231	0.141	0.096	0
0.324	2.576	-0.491	0.543	-0.183	0
0.199	1.328	-0.829	-0.314	0.194	0
0.836	2.098	0.519	0.29	-0.207	0
0.28	0.56	2.257	0.949	1.396	1
0.839	1.08	1.333	-1.124	1.503	1
0.179	1.095	1.834	-0.514	0.0	0
0.633	1.69	0.465	-0.174	-0.106	0
1.445	1.367	-0.285	-0.122	0.107	0
0.685	3.172	-0.565	0.623	0.39	1
0.415	2.713	-0.637	0.789	0.885	0
0.215	1.196	0.913	1.121	-0.47	0
0.996	1.283	0.315	-0.108	0.078	0
1.139	0.662	2.77	-0.607	-0.242	1
0.076	0.423	1.138	1.862	0.0	0
1.932	0.888	-0.324	0.439	-0.329	0
0.386	1.911	0.652	0.354	-0.152	0
0.335	0.705	0.587	1.756	-1.04	1
0.256	0.594	0.877	2.069	-0.706	0
0.219	1.279	2.585	-0.599	0.462	0
0.212	0.368	0.597	1.029	0.0	0
0.226	0.958	2.176	1.043	-0.352	0
0.503	2.681	-0.614	-0.278	-0.178	0
0.084	0.41	0.827	0.671	0.478	0
0.519	1.999	2.438	-0.632	-0.309	0
1.335	1.345	-0.219	-0.089	-0.055	0
1.297	1.473	-0.26	0.322	0.0	0
0.404	1.284	0.837	0.448	-0.135	0
0.37	0.488	1.665	2.657	-0.785	1
2.092	1.178	0.318	0.242	-0.067	0
1.251	0.944	-0.18	0.093	0.0	0
0.673	0.596	0.65	2.123	-0.553	1
0.54	1.666	1.936	1.432	-0.431	1
0.627	2.967	-0.547	1.082	-0.279	1
3.5	1.474	-0.182	-0.045	-0.032	0
0.431	0.475	1.736	1.339	1.742	1
0.252	2.056	0.794	0.26	0.168	0
0.487	1.881	1.522	1.629	-0.476	1
0.478	3.147	-0.605	-0.303	-0.331	0
0.184	1.364	1.415	0.658	-0.626	0
-0.194	2.018	0.89	0.504	0.0	0
0.343	1.65	2.263	-0.612	0.0	0
2.911	0.613	0.201	0.093	0.079	0
0.529	3.296	-0.577	0.887	-0.272	0
-0.104	-0.438	-0.816	-0.886	0.0	1
1.719	1.625	-0.264	-0.088	0.0	0
0.336	0.81	0.796	0.968	0.921	1
0.415	1.692	1.53	0.901	1.131	1
2.133	1.473	-0.194	-0.073	0.09	0
0.792	2.015	0.735	1.552	-0.427	0
1.125	1.966	-0.354	-0.13	0.135	0
0.235	0.966	2.033	-0.638	-0.266	0
0.439	0.896	1.934	0.769	0.0	1
2.23	0.488	0.107	0.102	-0.044	0
1.013	2.31	1.406	0.748	-0.207	1
0.87	1.053	0.731	0.57	0.851	1
2.038	2.236	-0.452	-0.132	-0.083	1
2.097	0.466	-0.092	0.103	-0.047	0
2.51	-0.217	0.213	0.159	-0.092	0
0.178	1.103	1.556	-0.458	0.0	0
2.315	0.831	-0.138	0.081	0.098	0
0.286	1.034	2.5	-0.732	0.0	0
0.445	2.413	-0.593	-0.228	-0.133	0
0.502	2.603	0.912	0.986	0.547	1
0.167	0.364	0.556	0.324	0.804	0
0.457	3.001	-0.43	-0.189	-0.166	0
0.132	0.515	0.665	1.668	-0.674	1
-0.193	2.404	0.942	0.491	0.0	0
0.944	1.258	0.308	-0.109	0.072	0
2.08	0.707	-0.111	-0.067	0.063	0
1.797	2.261	-0.505	0.23	0.21	0
0.159	1.248	1.135	-0.353	0.0	0
0.134	0.326	0.478	-0.788	1.599	0
0.1	0.28	0.501	-0.186	0.529	0
0.237	1.009	2.565	-0.848	0.614	0
0.458	1.129	0.473	-0.542	1.27	1
-0.104	0.551	1.352	1.942	-0.836	0
0.269	0.579	0.86	-0.589	1.974	0
0.34	1.823	0.536	0.273	-0.137	0
0.606	2.201	1.476	1.27	-0.276	1
2.765	1.015	0.509	0.546	0.385	0
0.283	1.261	2.762	-0.77	0.0	0
0.384	1.701	2.268	-0.641	0.0	0
0.95	0.555	1.311	1.481	1.496	1
0.245	1.495	1.543	0.718	-0.4	0
0.49	0.442	1.683	1.071	-0.371	1
0.78	1.52	1.042	1.115	1.255	1
0.729	1.166	1.935	0.736	1.285	1
0.51	2.301	-0.573	-0.222	0.0	0
0.195	0.443	0.755	0.65	0.758	1
2.819	0.34	0.188	0.085	0.108	0
0.294	1.19	2.566	-0.72	-0.33	0
0.371	1.222	1.661	0.645	0.0	0
2.504	0.461	0.21	0.17	-0.066	0
0.303	1.696	1.027	0.449	-0.241	0
2.283	-0.2	0.092	0.071	-0.067	0
0.996	2.348	-0.41	-0.202	0.0	0
2.785	0.581	0.279	-0.073	0.081	0
0.099	0.378	0.766	0.692	0.502	1
0.179	0.878	0.698	1.531	0.0	1
0.435	3.341	-0.518	-0.294	0.625	0
0.149	0.513	0.622	1.332	0.851	1
0.176	0.472	1.928	-0.583	0.0	1
0.364	1.876	2.619	-0.613	-0.267	0
0.528	0.949	1.6	-0.418	1.071	1
0.16	0.468	0.48	0.798	0.0	0
0.962	2.006	-0.386	-0.173	-0.111	0
0.973	2.317	-0.46	1.452	-0.404	0
0.687	2.277	1.469	-0.354	-0.167	0
3.266	-0.23	0.174	0.113	-0.117	0
0.257	1.182	2.417	-0.7	1.29	0
0.502	2.169	0.845	-0.253	-0.158	0
0.52	1.97	0.55	0.248	-0.141	0
0.383	1.876	0.687	0.306	0.0	0
-0.089	1.333	-0.289	0.746	-0.266	0
0.514	2.276	-0.549	-0.189	0.132	0
0.706	0.837	1.422	0.916	1.748	1
0.961	1.678	1.486	0.932	0.726	1
0.817	1.094	-0.228	0.143	-0.098	0
0.164	0.706	1.122	1.936	-0.614	0
0.304	1.88	-0.445	0.322	-0.118	0
0.922	2.122	-0.391	0.327	0.186	0
0.38	2.927	-0.502	0.367	0.594	0
0.503	0.813	1.844	0.772	1.597	1
0.213	0.962	2.447	-0.78	1.386	1
0.333	1.906	1.197	0.714	1.378	1
3.336	-0.234	0.14	-0.073	0.081	0
1.509	1.113	-0.166	-0.076	0.069	0
0.883	0.543	1.275	2.209	0.691	0
1.101	0.717	-0.101	0.068	-0.068	0
0.145	0.715	1.784	0.792	0.0	0
0.253	0.292	0.594	1.273	0.993	1
0.187	0.744	0.868	1.26	-0.578	0
0.49	0.722	-1.086	-0.999	-0.785	1
0.5	2.247	-0.468	-0.176	-0.099	0
0.789	1.414	1.1	1.857	-0.593	1
0.337	1.919	0.578	0.274	0.113	0
0.245	0.569	0.456	0.971	1.058	0
0.726	1.023	0.354	-0.1	0.069	0
0.187	0.422	0.393	1.4	-0.748	1
1.02	0.605	1.869	1.409	0.755	1
2.168	0.402	-0.122	-0.083	-0.051	0
2.763	1.039	0.479	0.679	-0.163	0
0.857	2.735	-0.45	-0.187	-0.199	0
0.27	1.316	1.876	-0.723	-0.384	0
2.453	0.888	0.384	0.375	0.429	0
2.981	0.333	0.158	-0.073	0.056	0
3.75	-0.256	0.24	0.194	-0.071	0
0.724	3.408	-0.449	-0.215	0.169	0
0.249	1.315	1.175	0.572	0.0	0
0.886	1.555	2.311	-0.56	-0.228	1
0.16	0.566	-1.3	-0.748	-0.354	1
1.592	1.644	0.581	-0.183	-0.11	0
0.189	0.548	0.918	1.984	-0.614	0
0.258	0.699	0.836	2.133	0.0	1
0.559	2.521	1.509	0.648	-0.272	0
0.193	0.996	2.144	-0.867	0.0	0
0.716	2.804	1.443	-0.436	-0.201	0
0.298	1.241	1.055	-0.314	-0.624	0
0.461	0.585	1.306	1.773	-0.505	0
0.211	0.32	0.595	1.601	1.188	1
1.061	2.04	-0.56	-0.277	-0.191	0
0.535	1.65	1.336	1.805	-0.458	1
0.635	1.895	-0.488	0.204	-0.116	0
0.317	1.119	2.004	-0.864	0.0	1
0.251	0.511	1.136	1.042	0.0	1
0.687	2.34	0.641	0.404	-0.406	0
1.064	2.8	-0.421	-0.204	0.239	0
0.061	0.266	0.403	0.529	1.194	0
0.226	0.842	1.019	2.022	-0.738	1
0.997	1.578	1.248	-0.353	0.979	1
2.866	-0.213	0.166	0.1	-0.094	0
0.101	0.333	0.52	1.505	1.15	0
0.334	1.781	0.698	0.284	-0.124	0
0.288	1.589	2.961	-0.863	0.0	0
0.311	2.639	-0.463	-0.193	-0.265	0
0.093	0.281	0.371	0.441	0.0	0
0.364	2.511	-0.373	0.233	-0.341	0
1.014	0.653	1.828	1.07	1.297	1
0.309	2.579	-0.51	-0.213	-0.305	0
0.123	0.808	1.178	-0.971	-0.361	0
0.397	2.921	-0.637	0.523	0.0	0
1.721	0.578	-0.193	-0.13	-0.1	0
0.118	0.306	0.559	2.143	-0.666	0
0.59	1.933	-0.43	0.487	0.774	0
0.316	0.67	2.039	0.978	1.835	1
0.209	1.072	2.069	-0.636	-0.238	0
0.269	0.725	2.656	1.374	0.893	1
0.644	1.088	1.85	-0.51	0.436	0
0.441	0.794	1.914	0.962	1.607	1
0.195	0.854	1.671	0.779	0.477	1
0.573	0.733	2.036	-0.445	0.642	1
0.493	1.572	1.564	1.509	-0.349	1
0.144	0.448	0.543	0.775	0.0	0
0.418	2.138	1.839	0.707	-0.337	0
-0.158	1.356	2.289	-0.745	0.0	0
0.334	1.01	2.931	-0.842	0.0	0
-0.251	1.135	1.116	-0.517	-0.274	0
3.126	0.482	0.232	-0.141	0.524	0
0.77	1.607	0.427	0.183	-0.079	0
0.54	2.787	-0.667	-0.242	-0.157	0
0.983	1.915	1.802	-0.662	-0.197	1
1.963	1.677	-0.332	-0.109	0.102	0
0.162	1.153	1.582	-0.687	0.0	0
0.17	0.46	0.684	-0.74	0.0	0
0.185	0.484	0.789	1.838	0.0	0
0.333	0.408	1.404	1.46	-0.751	0
0.782	2.546	1.536	-0.43	0.0	0
0.109	0.697	0.322	0.579	0.0	1
0.424	0.428	1.041	1.114	0.792	0
0.902	1.984	-0.398	-0.194	-0.118	0
0.225	2.497	-0.567	0.278	0.175	0
2.046	0.532	2.079	-0.445	-0.161	0
2.751	0.365	-0.107	0.091	0.084	0
0.265	0.819	2.52	-0.627	-0.34	0
0.239	1.807	1.377	0.992	-0.478	0
0.729	2.246	-0.346	-0.176	-0.113	0
0.106	0.608	0.827	2.548	-1.1	0
0.807	1.334	0.504	0.168	-0.081	0
0.331	1.65	2.153	-0.58	-0.278	0
0.465	0.871	1.689	0.758	-0.313	1
0.967	1.624	1.716	1.028	-0.406	1
2.971	0.48	1.235	-0.285	-0.114	0
0.675	2.915	0.996	0.413	-0.177	0
0.584	1.42	-0.349	-0.159	-0.072	0
0.47	1.593	1.74	-0.546	-0.227	0
0.743	0.576	1.672	1.092	0.594	0
0.795	0.861	1.896	1.715	0.0	1
0.309	2.255	0.725	0.299	-0.229	0
0.864	2.364	1.147	-0.284	-0.152	0
0.204	0.739	0.812	1.878	-0.9	1
1.303	2.465	0.634	0.761	-0.31	1
0.279	1.209	2.547	-0.772	-0.377	0
1.092	2.369	-0.402	-0.383	0.898	0
0.139	0.342	0.668	1.827	0.0	0
0.228	1.044	2.337	-0.663	0.0	0
0.239	0.618	2.516	0.937	0.418	0
0.912	1.59	-0.28	-0.121	-0.067	0
1.58	1.14	-0.16	0.11	0.066	0
0.5	0.731	1.058	1.347	-0.397	1
1.067	2.854	-0.433	-0.195	-0.129	0
0.314	1.029	1.379	1.96	0.0	1
0.169	0.523	0.539	1.885	0.0	1
0.172	0.768	0.899	0.826	-0.247	1
1.153	1.839	-0.26	-0.112	0.091	0
0.42	1.985	-0.373	0.448	0.49	0
0.302	0.65	1.298	1.893	-0.499	1
0.513	2.237	2.028	-0.496	-0.249	0
0.353	0.956	0.749	1.758	-0.72	1
-0.12	1.159	1.366	0.598	-0.285	0
0.172	0.894	2.246	-0.842	-0.441	0
0.252	0.687	0.823	1.845	0.0	1
1.542	0.721	-0.098	-0.051	0.052	0
1.027	0.821	1.077	1.064	0.469	1
0.347	0.96	2.339	-0.753	0.433	1
3.363	0.586	0.256	0.657	-0.183	0
1.128	1.33	-0.291	-0.114	0.0	0
0.922	2.596	-0.575	-0.255	-0.163	0
0.639	3.1	-0.462	-0.186	-0.127	0
0.53	1.9	2.119	-0.474	-0.298	0
0.142	0.308	0.613	1.503	1.886	1
0.137	0.695	1.079	1.63	0.0	1
0.367	1.673	-0.402	-0.351	0.624	1
0.417	1.73	-0.364	-0.154	0.0	0
2.537	1.261	0.997	0.523	-0.154	0
1.363	1.704	-0.318	-0.133	-0.079	0
0.514	3.04	-0.689	-0.289	-0.183	0
0.361	0.686	2.173	0.775	0.733	1
0.276	0.542	1.977	0.902	-0.452	0
0.216	1.037	2.259	-0.65	0.0	0
0.345	0.688	0.766	2.2	1.909	1
0.132	0.575	0.825	0.514	0.0	0
0.215	0.611	1.407	-0.446	0.477	1
2.398	1.156	-0.248	-0.077	0.0	0
-0.107	-0.515	-0.666	-1.526	0.0	1
1.274	1.307	-0.225	-0.079	-0.059	0
0.155	0.391	0.628	0.626	1.369	0
1.432	2.759	-0.477	-0.179	-0.121	0
0.203	0.532	0.642	0.922	2.4	0
1.037	1.78	-0.256	-0.107	0.097	0
0.135	0.436	-0.691	1.634	1.761	0
0.455	2.401	-0.457	-0.242	-0.123	0
0.811	2.064	-0.454	-0.342	1.431	0
3.438	0.434	0.275	0.618	-0.157	0
0.936	2.239	0.778	1.064	0.411	0
0.189	0.529	2.646	-0.704	0.382	0
0.139	0.635	0.518	0.514	1.456	1
0.577	2.804	-0.435	1.197	-0.349	0
0.256	0.33	0.62	2.29	-0.736	0
0.409	2.816	-0.408	-0.24	-0.165	0
0.197	0.858	1.924	1.41	-0.48	0
1.037	2.405	-0.368	-0.16	-0.101	0
0.723	1.59	-0.364	-0.139	0.101	0
0.885	0.328	1.847	0.751	0.387	1
1.147	0.598	1.717	0.636	-0.247	1
0.079	0.327	0.386	0.659	0.0	0
1.943	1.012	0.188	0.151	0.136	0
0.564	1.168	1.752	-0.494	-0.229	1
2.055	1.169	0.301	0.234	-0.066	0
1.494	0.721	-0.143	0.151	0.112	0
2.657	0.441	-0.115	-0.08	0.066	0
0.504	2.877	-0.717	0.385	-0.161	0
0.935	1.688	0.593	0.627	-0.207	1
1.957	1.328	0.82	0.45	-0.258	0
0.717	1.183	1.79	-0.473	-0.394	1
2.064	1.895	0.839	-0.229	0.164	0
1.053	2.205	-0.379	-0.183	-0.118	0
0.122	0.724	1.25	1.292	-0.496	1
0.769	2.192	1.816	0.518	-0.194	1
0.178	1.152	1.846	-0.477	-0.201	0
0.27	2.186	0.949	-0.248	0.219	0
0.446	0.59	2.048	0.884	0.666	1
0.458	0.924	1.97	-0.625	1.592	1
2.41	0.29	0.153	0.162	-0.062	0
0.253	0.406	0.468	1.567	1.672	0
1.549	2.37	-0.361	0.215	0.596	0
0.283	3.386	-0.521	0.387	0.642	0
0.539	2.531	1.08	0.524	-0.193	0
0.233	1.469	2.062	1.012	1.114	0
0.331	1.163	1.909	1.493	1.117	1
0.301	2.389	0.648	-0.245	0.238	0
0.183	0.928	2.273	0.965	0.0	0
0.349	1.736	1.384	-0.502	0.304	0
0.921	1.678	0.559	0.668	0.0	1
-0.104	0.767	1.296	1.229	0.665	1
0.233	0.385	1.589	1.504	2.106	1
0.169	0.732	1.461	1.432	-0.481	1
1.746	1.608	-0.257	-0.123	-0.071	0
0.192	0.519	2.598	-0.678	0.399	0
1.824	0.597	0.173	0.117	0.121	0
2.444	0.273	0.139	0.156	-0.062	0
0.577	0.895	1.831	-0.673	1.464	1
0.904	0.617	1.67	0.864	0.585	0
0.421	0.674	1.826	0.894	1.511	1
0.267	1.344	0.978	0.492	-0.16	0
0.158	0.378	1.059	-0.398	0.495	1
0.32	0.822	0.849	0.806	0.824	1
2.746	0.554	1.133	-0.278	-0.145	0
0.487	1.592	1.754	0.688	-0.41	0
0.411	1.046	0.669	0.982	-0.332	1
0.535	0.876	1.788	-0.853	1.208	1
0.515	2.151	-0.388	-0.176	-0.094	0
0.316	0.62	1.236	-0.518	0.0	1
0.371	1.042	2.799	-0.786	0.0	0
3.184	0.486	-0.108	-0.064	-0.038	0
1.749	0.771	-0.15	0.116	0.084	0
0.203	0.689	0.793	-0.401	1.49	1
0.341	3.256	-0.561	0.3	0.194	0
0.555	2.705	0.764	-0.26	-0.156	0
0.575	2.035	0.566	1.846	-0.496	0
1.474	1.911	1.588	-0.271	-0.123	1
0.251	1.02	2.104	-0.668	-0.246	0
-0.081	-0.263	-0.581	-0.581	1.145	1
0.53	0.45	2.178	0.994	0.6	1
1.093	1.612	-0.366	0.528	0.511	0
0.296	1.257	2.688	-0.762	-0.372	0
0.291	1.161	2.308	0.877	-0.369	0
0.085	0.356	0.443	1.604	-0.792	0
2.852	0.393	-0.115	0.11	0.099	0
0.369	0.48	1.833	1.151	0.58	1
1.47	1.903	-0.312	-0.134	-0.074	0
-1.044	1.572	-0.923	-0.406	0.0	0
0.58	2.975	-0.631	-0.255	-0.169	0
1.645	0.57	2.274	-0.58	-0.221	0
1.143	1.855	-0.449	-0.163	-0.106	0
0.327	1.581	0.726	0.274	0.0	0
2.065	0.703	-0.153	-0.079	0.041	0
1.585	1.36	-0.207	0.117	0.132	0
0.079	0.341	0.514	0.608	0.0	0
0.77	2.735	-0.464	-0.19	-0.145	0
0.383	1.272	1.29	0.585	-0.227	0
0.358	1.812	1.189	0.441	-0.189	0
1.126	0.591	0.327	0.236	-0.176	0
0.334	1.489	2.335	-0.665	0.0	0
0.525	0.974	1.819	-0.586	0.362	0
0.083	0.35	0.414	0.72	0.0	0
0.835	1.896	-0.387	-0.144	0.0	0
0.279	1.643	0.865	0.331	-0.118	0
0.912	0.79	0.893	1.416	0.563	1
0.29	1.224	2.774	-0.656	-0.308	0
0.288	0.765	0.644	1.642	1.58	0
0.452	0.759	0.523	1.077	0.982	1
0.675	2.148	-0.462	-0.216	-0.12	0
-1.7	-1.279	0.451	0.202	0.0	0
0.409	0.753	1.935	0.942	1.234	1
0.402	2.483	-0.606	-0.239	0.203	0
1.322	1.153	0.403	0.371	-0.395	0
0.854	2.146	-0.363	0.312	-0.199	0
0.764	2.766	-0.449	-0.219	-0.132	0
0.399	1.039	2.427	0.899	0.413	1
0.27	1.806	1.146	0.434	-0.177	0
3.509	0.553	0.27	0.607	-0.161	0
0.511	2.031	0.578	0.271	-0.132	0
0.675	1.505	1.339	0.665	0.878	0
-0.087	-0.335	-0.82	-1.28	-0.787	1
0.518	2.759	0.91	-0.312	-0.166	0
0.626	2.139	1.102	-0.32	-0.167	0
1.064	-1.011	-0.546	1.599	-0.583	0
1.013	1.817	1.977	-0.461	-0.174	1
0.435	2.454	1.028	0.507	-0.295	0
1.549	2.597	-0.462	0.523	0.313	0
0.688	1.433	0.86	-0.289	0.169	0
1.125	1.616	-0.363	-0.138	0.0	0
0.256	1.733	1.359	0.77	0.0	0
0.704	0.966	-0.262	0.146	-0.097	0
0.99	2.64	0.721	0.803	-0.271	1
0.839	1.302	1.472	-0.408	-0.14	1
0.214	0.954	0.683	1.696	-0.645	1
0.146	0.557	0.918	1.846	-0.459	1
0.561	3.107	-0.531	0.303	0.445	0
0.191	1.054	2.259	-0.708	0.0	0
0.12	0.773	0.493	1.222	-0.679	1
0.119	0.654	0.257	0.404	0.873	1
1.529	1.078	-0.154	-0.072	0.066	0
0.828	2.41	1.261	0.484	-0.155	1
3.461	0.457	-0.111	-0.068	-0.042	0
0.565	1.954	1.013	-0.52	1.881	0
0.618	2.662	1.031	0.367	0.0	0
0.48	2.104	0.591	0.517	-0.112	0
2.725	-0.239	-0.101	-0.06	-0.045	0
-0.102	0.724	1.211	1.293	-0.592	1
0.298	0.611	0.498	1.293	1.02	1
1.411	2.01	-0.329	-0.128	0.12	0
3.644	-0.294	0.159	-0.072	-0.045	0
0.306	1.004	2.947	-0.928	0.0	0
0.234	1.108	1.884	-0.552	0.0	0
0.181	1.316	0.821	0.676	0.0	0
2.898	0.474	1.043	-0.234	-0.099	0
2.6	0.644	0.221	0.133	-0.116	0
0.554	0.219	1.588	0.873	-0.602	1
2.429	0.968	0.646	1.022	-0.311	0
0.514	0.545	1.953	0.979	-0.547	1
0.832	3.36	-0.573	0.593	0.305	0
3.451	-0.296	0.682	0.204	-0.071	0
0.978	1.539	0.567	-0.178	0.141	0
0.163	0.854	0.431	0.721	0.982	0
0.313	1.214	0.8	1.077	0.748	1
0.44	0.728	0.847	1.453	-0.995	1
0.736	2.344	0.998	0.618	0.733	1
0.616	0.753	2.195	-0.547	-0.231	1
0.509	2.083	-0.318	0.189	0.219	0
0.556	0.612	2.482	0.969	0.477	1
0.434	0.671	1.898	1.02	0.347	0
2.925	1.489	-0.244	0.509	-0.197	0
2.428	0.665	-0.123	-0.073	0.046	0
0.72	1.788	-0.475	-0.227	0.303	0
0.2	0.506	0.833	0.837	0.0	1
1.601	1.79	-0.298	-0.127	-0.073	0
2.245	1.11	-0.149	0.11	-0.058	0
1.098	1.264	2.397	-0.485	-0.22	1
1.601	2.2	1.09	0.576	-0.168	0
0.12	0.398	0.845	2.126	-0.77	1
0.388	0.955	2.328	-0.656	-0.296	0
0.324	1.101	2.536	1.192	-0.406	0
0.111	0.59	0.694	2.544	0.0	0
0.367	0.51	0.946	0.886	0.64	1
0.922	2.302	-0.467	0.227	-0.127	0
0.188	0.518	0.22	0.999	1.675	1
0.233	0.473	1.178	1.742	0.843	0
0.395	2.376	-0.59	0.499	-0.181	0
0.911	1.413	1.862	1.071	-0.4	1
0.738	1.888	0.451	0.261	-0.261	0
0.18	0.636	0.731	1.762	-0.725	0
0.642	2.501	0.739	0.526	-0.199	0
0.221	1.146	2.658	-0.742	-0.419	0
0.492	1.782	1.24	0.448	-0.192	0
0.436	0.574	1.057	2.314	0.0	1
0.499	2.983	-0.67	0.396	-0.158	0
0.824	1.346	0.779	0.365	0.839	1
0.229	2.527	-0.58	0.246	0.162	0
0.292	2.187	2.055	0.686	0.0	0
0.361	2.402	1.027	-0.654	1.309	0
2.703	-0.236	0.189	0.119	-0.143	0
0.983	1.849	-0.384	-0.181	-0.116	1
-0.235	1.703	0.826	0.721	0.0	0
0.401	0.831	1.93	-1.208	-0.434	0
1.048	1.933	-0.333	-0.127	0.118	0
1.302	1.719	-0.343	-0.388	1.409	0
0.106	0.767	1.795	0.842	0.416	0
0.609	0.63	1.411	0.539	-0.389	1
0.648	0.754	1.926	1.265	-0.528	1
0.262	2.524	-0.395	0.238	0.168	0
1.177	2.212	1.194	0.66	-0.401	0
0.592	2.258	-0.442	0.295	-0.231	0
2.602	0.423	-0.144	-0.08	0.119	0
1.677	0.791	-0.41	2.004	-0.434	0
0.661	0.798	1.355	0.796	-1.107	1
0.336	1.17	1.625	0.783	-0.39	0
0.927	2.496	1.039	0.798	-0.242	1
0.737	2.504	-0.467	0.255	-0.257	0
-0.314	-0.724	-0.463	-0.163	-0.101	0
0.17	0.581	1.363	1.124	0.0	0
0.383	0.711	2.162	0.79	0.636	1
2.347	0.928	0.413	-0.108	-0.065	0
0.912	1.59	0.28	0.121	0.067	0
0.096	0.61	0.542	0.591	0.749	0
1.21	1.167	2.284	-0.457	-0.185	0
0.173	0.673	0.755	1.377	0.732	1
0.591	1.121	1.492	-0.657	1.705	1
0.155	0.687	1.305	1.694	0.0	1
0.251	0.542	0.61	-0.615	0.0	0
0.612	0.593	1.924	1.406	1.257	1
0.518	1.251	-0.303	-0.118	-0.073	0
0.157	0.985	2.493	-0.747	0.0	0
0.556	3.059	1.234	0.61	-0.238	0
0.245	0.624	2.375	1.077	0.457	0
1.988	1.974	0.622	-0.18	-0.101	0
0.096	0.62	1.14	1.164	0.0	1
0.284	1.424	2.617	-0.685	-0.308	0
0.242	0.797	1.295	1.68	0.0	1
0.269	0.362	0.661	2.266	-0.705	0
1.075	2.002	0.578	1.461	-0.355	0
0.596	0.496	1.501	0.652	0.705	1
0.436	3.27	-0.513	0.338	0.678	0
1.798	1.851	-0.275	-0.124	0.163	0
0.675	3.076	0.902	0.358	0.217	0
0.369	2.829	0.701	1.401	-0.329	1
1.84	-0.254	0.246	0.153	-0.101	0
3.246	0.823	-0.159	0.086	-0.076	0
0.791	2.125	-0.418	0.279	-0.188	0
0.105	0.707	1.457	-0.562	0.0	1
0.316	0.783	0.865	1.369	1.196	1
3.348	-0.276	-0.111	-0.07	-0.053	0
2.766	0.315	1.166	-0.304	0.269	0
2.391	0.639	-0.107	0.13	-0.053	0
3.229	0.694	0.27	-0.258	0.607	0
0.219	2.564	0.733	0.347	0.227	0
0.104	0.945	0.432	0.783	1.091	0
0.124	0.755	2.184	-0.89	0.0	0
0.231	1.78	1.658	0.697	0.361	0
0.262	0.729	0.839	1.728	0.0	0
0.118	0.542	0.738	0.954	1.411	1
0.218	1.486	0.742	0.661	-0.224	0
0.319	2.535	-0.471	0.428	-0.146	0
0.222	1.017	2.425	1.076	-0.367	0
0.073	0.357	0.324	0.477	0.0	0
0.193	0.675	1.384	1.631	-0.593	0
1.099	1.843	1.035	1.369	-0.462	1
0.554	1.308	2.1	0.99	1.002	1
0.584	0.843	1.965	0.939	1.358	1
0.83	3.041	-0.569	0.547	0.288	0
0.245	0.484	1.991	0.879	0.608	0
2.79	1.019	0.416	0.656	-0.166	0
0.438	3.303	-0.411	-0.186	-0.166	0
0.674	2.3	0.971	0.315	-0.161	0
0.873	2.74	0.827	-0.275	-0.149	0
0.096	0.526	-1.117	1.757	0.0	0
0.572	2.469	1.182	0.83	-0.371	1
2.976	1.442	0.329	-0.139	-0.083	0
0.533	3.131	-0.44	-0.27	-0.308	0
0.058	0.207	-0.126	-0.348	1.112	0
0.329	2.133	0.924	0.436	-0.326	1
1.482	1.502	0.527	0.413	-0.19	0
0.151	0.577	1.302	1.116	0.0	0
0.168	0.704	0.758	1.268	1.578	1
2.611	0.661	0.164	0.104	-0.053	0
0.241	0.522	0.576	-0.368	0.977	0
2.035	1.325	0.513	0.373	-0.135	0
1.565	0.495	0.123	0.11	-0.18	0
0.223	1.533	2.011	0.902	0.0	0
0.562	1.253	2.338	-0.668	-0.28	1
0.354	1.005	1.607	0.835	-0.338	1
0.178	0.767	1.783	1.268	0.0	0
2.665	0.834	1.064	-0.276	-0.122	0
2.235	0.97	0.341	0.366	0.617	0
0.135	0.768	0.322	0.546	0.0	1
0.474	1.277	2.454	-0.761	0.791	1
0.71	2.326	-0.557	-0.203	0.0	0
0.233	1.784	1.568	0.656	-0.307	0
0.965	2.664	-0.422	1.123	-0.381	0
3.396	0.517	-0.119	-0.065	-0.048	0
0.353	2.807	-0.541	0.303	-0.14	0
0.64	2.521	1.073	0.387	-0.215	0
-0.193	1.33	2.367	-0.661	-0.348	0
0.403	1.292	2.157	-0.682	0.0	0
0.328	1.107	1.964	0.776	-0.247	0
1.925	0.892	0.355	0.315	1.147	0
0.421	3.022	-0.477	-0.188	-0.211	0
0.257	1.15	1.834	-0.751	-0.301	0
0.066	0.295	0.345	-0.621	0.0	0
0.236	0.46	2.043	0.909	0.646	0
0.348	2.567	-0.397	0.297	-0.383	0
0.625	2.48	1.712	0.655	-0.201	1
1.309	0.768	1.78	1.657	-0.414	1
1.034	1.039	0.257	0.198	-0.09	0
-0.085	0.562	0.929	0.957	-0.724	1
1.997	2.309	-0.407	0.309	0.533	0
0.292	1.029	2.387	-0.663	-0.352	0
1.139	2.421	1.189	0.572	-0.191	1
0.124	0.346	0.598	2.196	-0.645	0
0.572	1.309	1.464	1.936	-0.501	1
0.794	1.828	0.782	0.201	0.12	0
0.236	0.373	0.415	1.402	2.043	0
1.24	2.47	-0.448	0.231	0.158	0
0.364	0.859	2.071	-0.622	-0.32	0
1.031	1.627	-0.29	0.171	-0.099	0
0.225	1.555	1.428	0.732	-0.22	0
0.148	0.495	1.125	0.907	0.82	0
2.198	0.512	0.109	0.095	-0.048	0
3.067	-0.27	0.438	0.21	-0.082	0
0.562	1.04	1.75	0.703	-0.33	1
3.603	0.538	0.434	-0.097	-0.057	0
1.79	1.505	-0.213	-0.115	0.088	0
0.252	1.133	2.402	-0.701	0.0	0
0.259	0.725	0.86	1.092	0.0	0
0.166	0.724	1.742	1.007	0.0	1
0.997	1.896	0.829	1.479	-0.4	0
0.445	0.809	2.027	1.442	0.0	1
0.361	2.716	0.915	-0.475	-0.19	0
0.116	0.485	0.917	1.673	0.0	0
0.162	0.522	0.97	2.073	-0.849	1
0.216	0.376	0.622	1.729	1.369	1
1.402	1.426	0.472	-0.145	-0.088	0
0.686	3.259	-0.525	-0.225	0.157	0
0.349	0.801	0.72	1.195	1.344	1
1.533	1.716	-0.331	0.433	1.298	0
0.146	0.627	0.454	0.294	0.915	1
0.35	1.191	0.628	-0.277	-0.122	0
1.014	0.492	1.761	0.847	-0.24	1
2.909	0.521	1.263	-0.33	-0.142	0
0.299	0.849	1.679	-0.609	0.507	1
0.269	1.117	2.659	-0.671	-0.328	0
0.187	0.518	0.709	-0.783	1.877	0
0.582	3.252	-0.511	0.702	-0.25	0
1.099	2.428	-0.398	-0.169	-0.112	0
0.269	1.497	2.217	-0.727	0.566	0
0.942	1.88	1.179	0.719	0.725	0
0.231	2.251	-0.457	0.322	-0.184	0
0.121	0.575	0.967	0.943	0.0	1
0.106	0.132	-0.145	0.47	0.892	1
0.229	0.452	0.523	1.469	1.046	0
0.626	2.343	-0.449	-0.212	-0.12	0
0.155	0.773	1.795	1.076	0.553	0
0.136	0.214	0.237	0.45	0.847	1
1.555	2.057	-0.42	0.286	0.848	0
0.36	2.56	-0.671	-0.568	1.369	0
0.972	1.955	-0.449	0.295	0.271	0
2.936	0.788	-0.128	0.093	0.061	0
0.473	1.072	2.299	1.088	0.91	1
0.757	2.97	-0.461	-0.192	0.151	0
0.171	1.122	1.58	-0.47	-0.204	0
0.363	0.44	1.951	1.01	0.719	1
0.113	0.409	0.382	0.994	1.09	0
0.661	1.665	1.079	-0.371	-0.159	1
2.039	0.45	0.138	0.086	0.072	0
0.985	1.684	-0.277	-0.146	0.113	0
0.885	0.328	1.847	0.751	0.387	1
0.197	1.015	0.616	1.156	0.0	1
0.109	0.593	1.242	1.118	-0.446	0
0.584	2.86	0.78	1.045	-0.379	0
0.199	1.02	0.958	1.156	0.0	0
0.55	3.32	-0.606	0.65	0.875	0
0.214	1.31	1.792	-0.597	-0.244	0
1.107	1.532	-0.338	-0.113	-0.081	0
0.693	2.371	-0.586	0.312	0.159	0
1.609	2.165	-0.492	-0.547	0.0	0
0.315	1.222	2.196	-0.605	-0.437	0
1.163	1.911	0.643	-0.211	-0.202	0
0.642	2.01	1.612	-0.395	0.0	0
0.349	1.248	2.225	-0.7	0.49	0
0.289	0.806	1.815	-0.756	-0.331	0
0.493	2.223	1.209	1.384	-0.442	1
1.471	1.709	1.006	0.695	1.08	1
0.832	3.085	-0.599	0.497	0.314	0
0.185	0.509	1.03	1.872	-0.761	0
1.568	1.363	0.414	0.156	0.0	0
0.25	0.849	0.589	1.753	0.0	1
0.184	0.556	0.534	1.136	0.0	1
0.181	0.678	1.223	1.745	-0.508	1
0.55	2.399	1.564	-0.498	0.0	0
0.249	0.468	1.136	-1.116	2.319	1
0.26	0.645	0.769	1.181	0.0	0
-0.059	0.345	0.581	-0.648	-1.246	0
1.274	1.404	0.394	0.185	0.119	0
0.52	3.048	0.992	0.453	0.0	0
2.039	0.721	0.256	0.228	0.507	0
0.66	1.695	0.99	-0.264	0.15	0
0.288	0.715	1.059	0.849	0.0	1
0.137	0.621	1.369	2.234	0.0	0
0.486	2.345	1.508	0.674	0.0	0
2.039	0.855	0.166	0.124	0.102	0
0.713	2.034	1.0	1.202	-0.379	0
0.886	1.913	-0.327	0.195	-0.126	0
0.091	0.283	0.337	0.456	0.0	0
0.476	2.54	-0.447	-0.222	0.0	0
0.214	0.744	0.912	2.221	-1.086	1
1.765	1.217	-0.227	0.195	0.164	0
0.821	1.984	-0.405	-0.147	0.159	0
0.796	1.331	-0.325	-0.101	-0.062	0
1.046	1.131	2.435	-0.497	-0.218	1
0.677	1.848	-0.429	0.329	-0.357	0
0.44	0.977	2.731	1.29	-0.413	0
2.019	0.887	0.359	0.312	1.019	0
0.475	1.016	1.403	0.788	1.902	1
0.308	1.441	1.887	-0.593	0.0	0
0.669	1.976	1.71	-0.43	0.0	0
0.638	3.104	-0.52	-0.249	-0.125	0
0.378	0.982	2.602	-0.623	-0.331	0
0.903	2.229	-0.481	-0.194	-0.114	0
0.323	1.315	3.058	-0.834	-0.44	0
2.833	0.582	-0.131	0.178	0.105	0
0.705	1.796	1.078	-0.286	0.215	0
1.878	0.892	0.76	1.61	-0.446	0
0.139	0.582	0.517	-0.638	0.0	1
1.556	2.125	-0.371	-0.158	0.155	0
0.737	2.989	0.968	-0.351	0.208	0
2.365	0.282	0.158	0.155	-0.059	0
0.226	1.179	0.639	0.92	1.018	1
-0.079	-0.329	0.634	-0.597	0.0	1
0.219	1.027	2.399	-0.68	0.0	0
0.116	0.477	0.743	0.758	0.0	1
0.141	0.281	0.457	1.052	1.666	0
0.22	1.013	2.32	1.102	-0.359	0
0.718	0.574	1.589	1.189	0.572	0
0.367	0.768	1.073	1.582	-0.785	1
2.508	1.436	0.485	0.158	0.299	0
0.236	0.368	0.404	1.22	2.13	0
0.316	1.008	1.844	-0.54	-0.305	0
0.254	1.347	-0.268	-0.318	0.438	0
1.846	0.467	0.155	0.114	0.107	0
1.182	2.344	-0.414	-0.178	-0.119	0
0.154	0.643	0.916	2.048	-0.818	1
0.443	1.345	1.675	0.769	0.708	1
0.356	1.082	2.255	-0.575	-0.644	1
0.412	1.283	0.82	0.425	-0.137	0
0.815	1.8	-0.29	0.217	-0.304	0
0.362	2.421	-0.499	-0.284	-0.193	0
0.312	0.648	0.364	1.123	0.634	1
1.094	2.253	-0.441	0.33	0.929	0
0.334	2.68	-0.536	1.172	-0.369	1
0.691	2.636	-0.45	0.243	-0.23	0
1.185	2.24	-0.477	-0.171	0.0	0
0.764	2.524	0.915	-0.32	-0.179	0
0.212	0.746	0.905	0.393	1.21	1
2.082	1.934	-0.321	-0.1	0.0	0
1.466	1.697	0.485	0.283	-0.18	0
0.485	1.094	2.292	1.109	0.992	1
0.617	1.621	1.972	-0.6	-0.258	1
1.387	0.812	2.462	-0.564	-0.243	1
0.89	2.748	-0.415	-0.176	-0.121	0
0.138	0.65	1.206	1.528	0.0	1
0.62	1.855	-0.297	0.241	0.261	0
1.201	1.655	1.1	0.458	-0.223	1
0.683	-1.082	1.528	-0.873	-0.347	1
0.227	0.878	0.548	1.898	1.184	1
0.705	1.8	-0.386	-0.152	-0.086	0
0.145	0.895	2.319	-0.761	-0.559	0
0.245	1.796	2.114	-0.752	-0.257	0
1.909	0.249	-0.08	0.102	-0.07	0
0.119	0.614	0.866	2.237	-0.765	1
0.801	0.592	2.047	-0.555	0.367	1
0.097	0.434	0.746	0.0	0.0	1
0.103	0.576	0.331	0.82	0.0	1
0.826	0.824	-0.271	-0.182	-0.131	0
1.157	0.855	1.941	-0.668	-0.261	0
2.663	-0.253	-0.117	0.111	0.063	0
0.154	0.52	0.484	-0.534	0.0	0
-0.098	0.67	1.582	-0.831	-0.387	1
0.148	1.153	1.199	-0.34	-0.169	0
1.017	1.215	1.091	0.409	0.233	1
0.801	2.874	1.081	-0.359	0.0	0
0.195	0.587	0.56	1.021	0.0	1
0.463	2.106	-0.409	-0.187	-0.098	0
0.564	2.68	0.947	0.763	0.723	1
0.094	0.342	0.561	-0.223	-0.46	0
0.168	1.108	1.706	-0.483	-0.201	0
0.199	1.065	0.664	1.27	0.0	1
0.603	0.551	1.518	0.914	0.517	1
2.007	1.997	-0.478	-0.163	-0.101	0
0.14	0.351	0.563	0.552	1.222	0
1.304	2.43	0.802	0.643	-0.194	0
2.164	1.797	-0.364	1.024	-0.274	0
0.437	1.43	2.477	-0.573	0.388	1
-0.125	1.264	1.453	0.575	0.0	0
0.515	2.105	1.592	-0.564	0.0	0
0.337	1.78	2.348	-0.639	-0.286	0
0.135	0.491	0.384	-0.37	1.116	1
0.341	1.523	-0.519	0.373	-0.13	0
0.404	0.913	2.575	0.831	-0.295	0
0.299	0.658	1.639	0.851	0.706	1
0.21	0.847	1.963	-0.94	-0.732	0
1.386	1.298	-0.23	0.109	0.095	0
0.447	1.028	1.955	-0.764	-0.406	0
1.298	2.284	-0.325	-0.147	0.19	0
0.333	1.453	2.313	-0.639	0.0	0
0.883	1.942	-0.443	1.609	-0.483	0
0.254	2.392	0.689	1.828	-0.544	0
0.781	1.25	0.793	0.383	0.816	1
